0
0
0
0
0
0
0
0
0
0
0
0
0
0
0
0
0
0
0
0
0
0
0
0
0
0
0
0
0
0
0
0
0
1
1
1
1
1
1
1
1
1
2
2
2
2
3
3
3
4
4
4
5
5
5
5
5
5
6
6
6
6
7
8
8
8
8
9
9
10
10
10
10
10
10
10
10
10
11
12
12
12
12
12
13
13
14
14
14
14
14
15
16
16
16
16
17
18
18
18
18
18
19
19
19
19
19
19
19
19
19
20
20
20
21
21
21
22
22
22
24
24
24
24
24
25
25
26
26
26
27
27
28
28
28
28
29
30
30
30
30
31
32
33
34
34
34
33
34
34
34
35
36
36
36
38
38
38
39
39
39
40
40
41
41
41
41
41
41
41
42
43
43
43
44
45
46
46
46
46
46
46
47
48
48
49
51
51
52
52
52
53
53
53
53
54
54
54
54
55
56
55
55
55
56
57
58
58
57
57
57
57
58
59
59
60
60
59
59
60
62
63
63
64
65
65
65
67
67
67
67
66
66
66
67
67
68
68
69
69
70
72
73
74
74
74
75
75
76
77
77
77
77
77
77
77
76
76
77
78
78
79
79
81
81
82
82
83
84
84
85
86
86
86
86
86
87
87
87
87
87
87
87
88
88
89
89
90
90
90
90
91
90
89
90
90
90
91
92
93
93
92
92
92
92
93
94
94
95
96
98
100
99
99
100
102
102
103
105
106
106
107
108
107
107
108
108
109
109
108
108
110
109
109
109
110
109
110
111
111
112
114
115
116
116
116
116
116
115
116
116
116
117
118
117
117
118
119
120
121
120
122
124
124
123
122
120
120
119
120
120
120
121
121
122
122
124
123
125
126
126
126
128
129
130
131
131
132
134
135
136
135
136
138
138
136
134
134
132
132
132
133
133
133
135
135
135
136
137
136
138
138
138
139
141
142
142
142
143
143
144
145
145
147
148
148
148
148
149
151
151
152
152
152
152
150
149
150
150
150
151
152
153
154
155
155
156
157
157
157
157
158
160
160
160
161
160
160
161
162
163
164
164
164
165
165
166
167
167
168
169
170
171
172
173
174
173
173
173
174
174
175
174
175
175
175
176
175
174
174
174
174
175
177
177
178
178
177
179
179
179
178
180
180
181
183
185
187
189
190
191
191
191
191
191
192
192
193
193
195
197
198
198
197
197
198
198
196
198
198
198
197
198
199
200
201
202
202
203
203
205
206
207
206
206
205
205
206
206
207
207
209
209
210
211
211
210
210
211
212
213
214
215
216
217
218
218
216
217
217
219
219
220
222
221
223
223
223
223
223
224
225
226
225
223
223
223
223
223
221
221
221
222
222
223
224
226
226
227
228
229
229
229
229
230
230
230
229
230
230
230
230
230
231
233
233
234
234
234
234
234
235
235
235
235
235
236
236
236
237
239
238
240
240
240
241
243
243
243
242
243
243
243
243
245
247
247
249
249
251
251
252
252
252
253
253
255
255
256
255
256
256
254
255
256
256
257
257
256
256
258
259
260
259
259
259
259
258
258
259
259
261
261
262
262
263
264
264
264
265
265
265
265
266
266
267
268
269
269
270
270
270
272
274
273
272
272
273
273
273
271
271
272
272
274
275
277
277
279
278
280
281
281
281
282
282
282
282
283
284
286
285
287
287
287
287
288
289
290
291
291
291
290
290
291
291
291
291
292
292
292
292
290
290
291
294
294
296
297
295
295
293
294
295
296
297
297
298
299
298
298
298
300
298
299
299
300
300
300
298
298
299
299
299
299
301
302
302
301
301
299
300
300
300
301
302
303
301
302
303
301
302
304
305
304
303
302
303
302
301
301
301
300
301
302
302
304
304
303
302
303
300
302
303
303
302
300
296
296
297
297
296
295
293
292
292
292
293
292
291
291
292
293
292
294
294
294
298
298
298
297
299
298
296
298
298
298
298
297
295
295
294
296
296
299
299
301
301
299
300
299
298
299
298
295
292
292
293
293
293
294
295
295
296
298
299
300
301
301
297
298
296
295
295
293
289
289
288
289
288
286
286
286
286
287
286
284
284
287
288
288
288
287
285
287
288
286
282
280
281
281
280
281
281
281
280
279
281
280
282
283
283
282
282
282
284
282
282
283
283
283
283
283
282
280
281
281
284
283
284
283
285
286
285
284
283
285
285
287
287
287
287
286
287
287
285
284
285
285
286
287
287
288
289
290
288
290
290
292
291
293
294
292
293
295
295
294
295
297
295
294
0
0
0
0
0
0
0
0
0
0
0
0
0
0
0
0
0
0
0
0
0
1
1
1
1
1
1
1
1
1
2
2
4
3
2
2
3
3
3
3
3
3
3
3
3
2
2
2
2
2
3
3
3
3
3
3
3
2
2
2
1
1
1
1
1
1
1
1
1
1
1
1
0
1
1
2
2
2
2
2
2
2
2
2
2
3
3
3
3
2
3
3
3
4
4
4
4
3
3
4
4
4
4
4
5
5
5
6
6
5
5
5
4
3
3
3
3
2
2
2
1
1
1
1
1
1
1
0
1
1
1
1
1
1
1
2
2
2
2
2
2
2
2
2
3
3
3
2
2
2
2
2
2
2
2
1
1
1
1
1
0
0
1
1
0
0
0
0
0
0
0
1
1
1
1
1
1
1
1
2
2
3
3
3
3
3
3
3
3
3
3
3
3
3
3
3
4
4
3
3
3
4
4
4
3
3
1
1
1
1
1
1
1
0
0
0
0
0
0
1
1
1
1
1
2
2
3
2
2
2
2
2
2
2
2
2
2
2
2
2
2
1
1
1
0
0
0
0
0
0
0
0
0
0
0
0
0
0
0
0
0
0
0
0
0
0
0
0
1
0
0
0
0
0
0
0
0
0
0
0
0
1
1
1
1
1
2
2
2
2
2
2
2
2
3
2
2
2
2
2
2
3
3
3
2
2
2
2
2
1
1
2
2
2
2
2
2
2
2
2
2
2
2
2
3
2
2
2
1
0
0
0
0
0
0
0
0
0
1
1
1
1
1
1
1
1
1
1
1
1
1
1
1
1
1
1
0
0
0
0
0
0
0
0
0
0
0
0
0
0
0
0
0
0
0
0
0
0
0
0
0
0
0
0
0
0
0
0
0
0
0
0
0
0
0
0
0
0
1
1
1
1
1
1
1
2
2
2
2
2
2
2
2
2
2
2
2
2
2
3
4
4
3
2
2
3
3
4
4
4
4
3
3
3
3
3
3
3
3
2
2
2
2
2
2
2
2
1
1
1
1
1
1
0
0
1
1
1
1
1
1
0
0
0
0
2
2
2
2
3
3
3
3
3
4
4
4
4
4
4
4
4
3
2
2
2
2
2
1
1
1
1
1
1
1
1
0
0
0
1
1
1
1
1
1
1
1
2
3
3
3
3
3
3
3
3
3
3
3
3
3
4
5
5
5
4
4
4
4
4
4
3
3
3
3
4
4
4
5
4
4
4
3
3
3
3
2
2
1
0
0
0
0
0
1
1
1
1
1
1
1
1
1
1
2
2
2
1
1
1
1
1
1
1
1
1
1
2
2
2
2
2
2
2
2
2
2
2
2
2
2
1
1
1
1
1
1
2
2
2
2
3
3
3
3
3
3
3
2
2
3
3
3
3
3
2
2
2
2
1
1
1
1
1
2
2
2
2
2
2
2
2
2
2
1
1
2
2
2
2
2
1
2
2
2
2
2
3
3
3
3
3
3
3
3
4
4
4
3
3
3
3
3
3
3
3
2
2
2
2
1
1
1
0
0
0
0
0
0
0
0
0
1
1
1
1
1
1
2
2
2
2
2
2
3
2
2
2
2
2
2
2
2
2
1
1
1
1
2
2
3
3
3
3
3
3
3
5
4
4
4
3
3
3
3
2
2
2
3
3
2
2
1
1
2
3
2
2
3
3
3
3
3
3
1
1
2
2
2
2
3
2
3
3
3
3
3
3
3
3
2
1
1
2
2
2
2
2
2
1
0
0
0
0
0
0
0
0
0
0
0
0
0
0
0
0
0
0
1
1
2
2
2
2
2
2
3
3
3
3
3
3
3
3
3
2
1
1
1
1
1
1
1
0
1
1
1
1
1
1
1
1
1
1
1
1
1
1
1
1
1
1
1
2
2
2
2
1
1
1
2
2
2
1
1
0
1
1
1
1
1
1
1
1
1
1
1
1
1
1
1
1
1
1
1
0
0
0
0
0
0
0
0
0
0
0
0
0
0
0
0
0
0
0
1
2
3
3
2
2
1
1
1
1
1
1
2
2
2
2
2
3
3
3
3
3
2
2
2
2
2
2
3
3
3
3
2
3
3
3
3
3
3
3
3
3
3
3
2
2
2
3
3
3
4
3
3
3
2
2
2
2
1
1
1
1
1
1
1
1
1
1
1
1
1
0
0
0
1
1
1
1
1
1
1
1
1
1
1
1
1
1
1
2
3
3
2
2
2
3
2
2
2
2
1
1
2
2
2
3
4
4
0
0
0
0
0
0
0
0
0
0
0
0
0
0
0
0
0
0
0
0
0
0
0
0
0
0
1
1
1
1
1
2
2
3
3
3
3
3
3
3
3
3
4
4
4
4
5
5
5
5
6
6
6
7
8
9
9
9
9
10
11
11
11
11
12
13
13
13
14
14
14
14
13
13
13
13
13
12
11
12
11
11
11
11
10
8
7
7
8
9
9
9
9
9
9
9
9
8
7
7
8
8
7
7
8
7
7
7
7
7
7
7
6
6
6
5
6
6
6
7
7
7
7
7
7
7
7
7
7
7
8
8
8
7
7
7
7
6
6
5
6
6
6
6
6
5
6
6
7
7
6
6
6
7
8
8
8
9
9
10
10
11
12
12
12
11
11
10
8
8
8
8
8
8
8
8
8
8
8
7
7
7
8
9
9
9
10
11
11
11
12
11
11
11
12
12
12
11
11
11
10
9
9
10
10
9
8
8
8
9
8
8
8
8
8
8
8
8
8
8
8
10
10
10
11
12
12
13
14
14
14
13
13
13
12
12
12
11
11
12
12
12
11
12
12
12
11
11
11
12
12
13
13
13
12
13
12
11
11
12
12
12
12
12
12
12
12
12
12
12
11
11
11
10
10
8
8
7
6
6
7
8
9
9
11
10
10
10
10
9
9
8
7
7
7
7
6
5
5
5
5
5
4
5
5
4
5
5
5
5
5
5
5
5
5
5
6
6
7
7
7
8
9
10
10
10
10
11
12
11
12
13
13
13
13
13
13
13
12
12
12
11
11
11
10
10
10
9
9
8
8
9
10
10
9
9
9
9
9
9
9
9
9
9
9
9
9
8
8
8
8
7
7
6
7
7
8
8
8
9
9
10
11
11
10
10
10
9
9
8
8
8
7
7
8
8
8
8
8
9
9
9
10
10
10
11
11
11
11
11
11
11
11
11
11
11
11
11
11
10
11
11
12
12
11
11
10
10
10
9
8
7
7
7
8
8
9
9
8
8
8
8
8
8
8
7
6
6
7
7
8
7
7
7
7
7
8
8
8
8
8
8
8
9
9
9
9
9
8
9
8
8
8
9
10
9
8
7
7
6
5
5
6
8
9
9
9
9
10
10
10
10
10
9
9
9
9
9
9
9
9
9
8
8
9
10
10
10
10
10
9
9
8
9
9
10
11
11
11
11
11
12
13
13
12
11
11
11
11
11
10
10
10
11
10
9
10
9
9
9
9
9
8
7
8
9
8
8
9
10
10
10
10
9
8
9
9
9
10
9
9
9
9
8
9
9
10
10
10
10
11
10
10
10
10
10
10
10
10
10
10
10
10
10
10
10
11
11
10
11
10
10
9
9
9
9
9
8
7
8
8
8
8
8
8
9
10
10
11
11
9
9
8
7
8
7
7
6
7
7
7
8
8
9
9
9
8
9
9
9
9
8
8
8
8
8
8
7
7
7
7
7
7
7
8
9
9
9
8
8
8
8
8
8
8
9
8
8
7
7
5
5
5
4
4
4
4
5
5
6
6
6
7
6
7
7
8
8
9
10
11
10
10
10
11
11
10
10
10
10
10
10
10
9
10
10
10
10
10
10
10
10
10
10
10
10
10
10
10
10
10
10
10
10
11
11
12
12
12
12
12
11
11
10
10
10
10
10
9
9
10
10
10
10
10
10
10
10
11
12
11
12
12
12
12
12
12
12
13
12
13
12
13
14
15
15
14
15
13
14
14
13
14
14
14
14
14
15
14
14
14
14
14
15
16
15
14
13
12
13
12
12
13
12
13
13
13
13
12
12
12
11
12
12
13
13
13
14
14
14
14
13
13
13
12
11
10
10
10
10
9
8
9
9
9
9
9
10
10
10
10
11
11
11
11
11
12
12
12
12
12
11
11
11
11
11
11
10
9
9
10
11
11
11
12
12
11
12
11
11
11
11
11
11
11
10
10
10
11
12
12
12
13
12
11
11
12
11
10
10
10
10
10
10
10
11
12
13
13
13
13
13
13
12
12
12
11
10
10
10
9
9
9
9
9
9
10
9
9
9
8
9
9
8
8
8
8
8
7
7
6
5
5
5
5
5
6
5
5
4
4
4
4
4
4
4
4
5
5
5
5
6
6
6
6
5
6
7
7
7
6
6
6
6
6
6
7
6
7
6
6
6
5
5
4
4
4
4
4
4
5
4
5
5
5
6
5
5
5
5
5
5
6
6
6
6
6
6
6
6
6
6
7
8
8
7
7
7
7
8
0
0
0
0
0
0
0
0
0
0
0
0
0
0
0
0
0
0
0
0
0
0
0
0
0
0
0
0
0
0
0
0
0
0
1
1
1
1
1
1
2
2
2
2
3
3
3
4
4
4
4
4
4
4
4
4
4
4
4
4
4
4
4
4
4
4
4
5
5
5
5
5
5
5
6
6
6
7
8
8
8
8
8
8
9
10
10
12
13
13
14
15
15
15
15
15
16
17
18
19
19
19
19
19
19
20
20
20
20
20
20
20
21
21
21
21
21
21
22
23
24
24
24
24
25
25
25
25
26
26
27
27
28
28
29
30
30
30
30
31
31
31
33
34
35
35
35
36
36
36
36
36
37
37
37
37
38
38
39
39
39
40
42
42
42
42
43
44
44
45
46
47
47
47
48
48
48
48
49
49
50
50
50
49
50
50
50
50
50
51
51
51
53
53
54
54
54
54
55
56
57
57
58
59
59
59
59
61
61
62
62
62
63
63
63
65
66
65
65
66
65
66
66
66
66
66
67
67
67
68
68
70
70
71
71
69
70
70
71
71
72
71
72
73
73
72
73
74
75
75
75
75
75
77
77
77
78
78
79
79
80
81
83
85
85
86
87
88
89
88
89
89
89
89
90
91
91
92
92
93
93
94
94
94
95
94
93
93
94
96
98
99
100
100
101
101
103
103
104
104
104
105
106
106
106
107
107
108
108
109
109
109
110
110
112
113
114
115
117
117
117
118
120
120
119
119
120
121
122
123
123
124
125
125
127
127
127
126
127
128
128
129
130
131
130
131
131
131
132
133
133
133
134
133
133
134
136
137
139
140
141
142
143
143
142
142
142
142
142
141
140
141
140
141
142
141
141
141
142
143
144
145
146
146
145
145
146
147
149
150
150
149
149
150
150
150
151
151
151
151
151
151
152
152
153
155
157
157
158
159
159
160
161
162
162
162
162
163
163
164
166
167
167
169
171
171
170
169
169
167
168
169
169
169
169
169
169
168
167
169
170
169
169
170
170
169
170
169
170
170
171
169
171
170
171
172
171
171
170
170
169
168
166
167
165
165
164
164
164
164
166
167
168
169
170
172
173
174
175
174
173
172
170
168
168
168
167
168
168
169
168
167
168
169
169
168
168
168
166
168
168
169
169
168
170
169
170
169
168
169
167
169
170
169
169
169
168
169
168
169
168
167
166
164
165
164
165
165
164
164
166
166
166
164
164
164
165
164
164
163
162
162
160
161
162
164
164
164
164
164
163
161
161
160
158
156
158
158
158
158
160
159
156
158
159
158
159
161
161
162
162
161
161
160
160
161
162
162
161
161
162
162
163
163
164
165
163
163
163
163
162
161
159
158
159
159
159
157
158
159
160
161
162
164
164
164
164
164
163
162
163
162
162
161
162
162
162
162
160
157
158
158
157
158
158
160
160
160
161
161
161
160
160
160
160
158
157
158
159
159
159
159
158
158
159
160
160
161
160
160
163
160
161
161
161
160
157
159
159
160
160
159
158
160
159
157
157
155
155
154
154
155
155
153
153
152
151
153
151
152
152
152
152
153
155
154
156
155
154
154
152
152
154
155
154
152
154
154
154
154
155
155
154
153
155
156
157
157
158
157
155
154
154
154
153
153
152
154
153
153
152
152
153
152
152
153
153
153
154
154
155
154
155
157
157
158
154
153
156
157
159
159
159
160
159
160
159
158
156
154
153
152
154
154
155
156
154
153
153
153
155
156
157
156
155
156
157
158
157
156
156
155
154
155
156
157
157
157
159
160
159
161
163
163
162
163
161
163
162
161
162
161
161
161
161
160
161
161
161
163
163
163
164
165
165
166
168
169
170
170
169
168
167
166
167
167
163
162
163
164
165
165
166
166
165
163
161
161
159
159
158
157
154
152
152
153
152
154
153
154
155
155
155
156
157
158
158
158
159
160
158
159
159
160
159
160
159
159
159
159
160
161
162
160
159
158
158
157
158
159
158
157
158
159
157
156
156
155
155
154
153
153
153
153
155
155
155
152
152
152
152
151
151
150
151
153
151
152
153
154
154
154
155
154
154
152
152
151
150
150
152
152
152
153
152
153
153
154
154
154
153
151
150
150
152
153
154
154
154
156
156
155
154
155
153
154
154
156
157
158
158
157
156
155
155
155
156
157
156
155
154
154
156
156
155
156
157
157
157
158
159
159
161
163
162
161
161
160
161
159
160
158
159
159
158
158
160
160
162
161
162
160
158
159
158
155
156
157
158
159
158
0
0
0
0
1
1
1
1
1
1
1
1
1
1
1
1
1
1
1
1
2
3
3
3
4
4
4
5
5
5
5
5
6
6
5
5
5
5
5
6
6
6
6
6
6
6
7
7
7
8
9
9
9
9
9
9
9
9
9
9
9
9
10
10
11
11
12
13
14
14
15
15
15
15
15
16
16
16
16
16
17
17
18
19
19
19
19
19
19
19
19
19
19
20
20
20
20
20
20
20
20
20
20
21
21
21
21
21
21
22
23
23
24
24
25
25
26
26
27
27
27
27
27
27
27
27
27
28
29
29
29
29
29
30
30
31
31
32
32
33
33
33
34
34
34
34
34
34
34
34
34
35
35
35
36
37
38
39
40
41
41
42
43
43
44
44
44
44
44
44
44
46
46
47
47
47
48
49
49
51
51
51
51
52
52
53
54
53
52
52
52
52
53
54
55
56
57
57
56
56
57
57
58
59
61
62
63
63
63
63
63
64
64
65
66
68
68
68
68
69
70
70
70
70
70
71
71
72
73
74
74
75
76
77
77
78
79
80
79
79
80
80
81
82
83
84
83
83
84
85
86
86
86
86
86
86
86
86
87
87
88
89
90
91
92
92
92
93
93
93
93
93
94
95
95
95
95
94
94
95
95
95
97
98
97
98
97
96
95
97
97
97
98
98
99
100
100
100
99
99
99
100
100
99
99
100
100
101
101
101
101
103
102
102
102
103
105
106
107
107
108
109
109
109
111
111
111
113
114
113
113
113
114
115
117
119
119
119
120
120
121
121
122
123
123
123
124
124
125
125
126
125
126
127
128
127
127
128
129
130
130
129
130
130
130
132
133
133
133
132
133
134
134
135
136
137
137
138
140
140
140
141
141
141
142
143
144
144
145
146
147
148
149
150
150
151
152
153
155
155
155
155
155
156
157
157
158
158
159
159
158
158
159
160
160
161
162
163
162
163
163
163
163
163
164
164
166
166
167
167
167
167
168
168
168
169
169
169
170
171
172
173
173
174
175
177
177
177
178
178
179
178
180
181
181
182
184
184
182
183
183
184
185
185
185
185
184
184
184
184
184
184
183
184
184
185
186
187
188
189
189
191
191
189
188
190
190
190
191
192
192
194
194
195
196
197
196
196
196
198
198
199
199
201
202
204
204
204
205
205
205
204
204
204
205
205
207
206
206
207
207
208
209
211
211
210
211
211
213
213
213
213
214
214
214
215
215
215
217
217
218
217
216
216
216
217
217
217
219
220
220
221
221
221
223
223
224
226
226
227
228
228
230
230
229
231
233
235
235
237
238
238
238
238
238
238
236
236
236
236
236
237
237
237
236
236
237
238
240
240
241
240
241
241
241
241
242
242
244
245
246
246
246
246
246
246
247
247
248
249
250
250
252
252
254
255
255
256
254
255
256
258
261
261
260
260
259
257
257
255
254
252
251
250
249
249
249
249
247
246
245
247
247
247
246
245
246
246
247
247
248
248
247
245
245
245
244
244
244
245
247
247
247
250
249
248
250
250
250
249
249
247
248
248
248
247
246
247
250
251
251
252
252
252
252
251
250
250
250
250
249
249
251
251
250
250
249
250
249
249
251
250
250
252
254
252
252
254
256
256
257
256
255
256
256
257
256
256
255
255
256
256
255
257
257
255
253
254
255
257
258
258
258
258
258
258
256
257
254
254
254
254
254
255
255
255
255
254
255
255
256
257
258
262
261
260
261
260
260
262
262
264
263
263
263
261
261
261
262
261
260
260
258
260
260
262
261
261
258
255
255
255
255
256
255
254
254
254
257
254
254
254
256
255
256
257
257
256
257
255
255
256
256
256
257
256
256
255
254
254
253
254
253
251
250
249
245
243
243
242
243
243
244
243
242
242
243
240
239
241
242
241
241
242
242
240
239
237
238
236
237
239
235
234
232
233
232
232
231
232
232
231
229
231
231
231
231
231
233
233
234
232
230
230
231
231
231
231
230
232
232
232
232
233
236
238
237
238
238
240
238
235
235
235
235
235
234
233
234
235
234
234
234
236
237
235
236
238
237
236
235
235
237
235
236
234
233
235
235
235
236
237
239
239
242
245
246
246
246
245
245
246
247
246
245
246
246
248
248
247
248
247
249
251
250
249
249
251
249
248
248
246
246
245
244
245
245
244
242
240
239
239
238
238
239
240
240
240
242
241
241
241
240
242
244
246
246
246
246
246
246
246
246
247
247
245
243
245
245
245
244
243
244
244
244
244
246
248
249
250
250
251
250
250
249
250
252
250
