991 991
1 2
1 3
2 4
3 5
2 6
5 7
7 8
6 9
7 10
5 11
1 12
3 13
7 14
3 15
1 16
13 17
6 18
7 19
2 20
20 21
20 22
18 23
3 24
13 25
14 26
1 27
9 28
15 29
15 30
15 31
15 32
13 33
33 34
14 35
30 36
12 37
27 38
5 39
13 40
23 41
9 42
20 43
41 44
30 45
13 46
30 47
7 48
45 49
13 50
2 51
12 52
28 53
32 54
6 55
41 56
46 57
36 58
10 59
10 60
45 61
16 62
7 63
60 64
16 65
47 66
15 67
43 68
59 69
56 70
29 71
64 72
23 73
29 74
61 75
54 76
25 77
15 78
21 79
25 80
77 81
41 82
39 83
41 84
28 85
6 86
85 87
39 88
41 89
81 90
80 91
71 92
80 93
54 94
63 95
57 96
62 97
32 98
1 99
52 100
16 101
40 102
58 103
71 104
44 105
22 106
42 107
2 108
102 109
5 110
102 111
106 112
24 113
99 114
3 115
35 116
92 117
32 118
42 119
108 120
114 121
109 122
105 123
38 124
95 125
75 126
45 127
96 128
96 129
44 130
70 131
58 132
12 133
123 134
108 135
96 136
36 137
14 138
100 139
98 140
91 141
122 142
128 143
29 144
126 145
2 146
107 147
98 148
24 149
106 150
54 151
124 152
35 153
82 154
16 155
142 156
92 157
98 158
125 159
129 160
6 161
158 162
134 163
158 164
64 165
59 166
153 167
50 168
80 169
20 170
97 171
123 172
167 173
110 174
19 175
8 176
29 177
175 178
35 179
123 180
98 181
122 182
65 183
12 184
117 185
58 186
144 187
32 188
49 189
157 190
62 191
78 192
40 193
64 194
8 195
112 196
169 197
107 198
181 199
119 200
167 201
55 202
169 203
135 204
139 205
193 206
106 207
136 208
2 209
73 210
127 211
181 212
140 213
46 214
129 215
132 216
160 217
169 218
193 219
192 220
87 221
151 222
158 223
70 224
132 225
160 226
120 227
189 228
62 229
70 230
34 231
55 232
175 233
201 234
201 235
5 236
223 237
191 238
186 239
190 240
173 241
96 242
237 243
108 244
236 245
62 246
197 247
141 248
147 249
105 250
215 251
90 252
70 253
242 254
98 255
110 256
197 257
7 258
76 259
119 260
75 261
120 262
10 263
177 264
196 265
262 266
186 267
154 268
48 269
116 270
232 271
191 272
86 273
188 274
44 275
151 276
251 277
222 278
41 279
213 280
53 281
230 282
197 283
227 284
257 285
34 286
193 287
271 288
102 289
129 290
106 291
74 292
10 293
191 294
54 295
219 296
134 297
172 298
59 299
81 300
188 301
76 302
73 303
37 304
86 305
222 306
30 307
99 308
105 309
154 310
133 311
114 312
147 313
100 314
80 315
150 316
226 317
83 318
189 319
261 320
224 321
12 322
135 323
262 324
197 325
295 326
29 327
50 328
163 329
190 330
321 331
46 332
198 333
49 334
288 335
306 336
166 337
122 338
267 339
209 340
198 341
33 342
96 343
67 344
288 345
218 346
113 347
18 348
139 349
152 350
15 351
148 352
132 353
43 354
12 355
38 356
10 357
39 358
281 359
217 360
132 361
293 362
128 363
304 364
128 365
41 366
135 367
317 368
151 369
332 370
271 371
107 372
165 373
206 374
212 375
138 376
29 377
44 378
291 379
61 380
213 381
85 382
125 383
348 384
214 385
330 386
43 387
107 388
269 389
13 390
183 391
272 392
341 393
73 394
83 395
106 396
80 397
33 398
120 399
86 400
33 401
191 402
366 403
115 404
165 405
167 406
72 407
77 408
51 409
387 410
242 411
319 412
258 413
120 414
169 415
87 416
103 417
59 418
174 419
398 420
142 421
390 422
113 423
114 424
67 425
182 426
273 427
51 428
364 429
199 430
425 431
375 432
275 433
409 434
185 435
101 436
430 437
249 438
223 439
389 440
102 441
428 442
12 443
272 444
324 445
434 446
329 447
200 448
35 449
428 450
124 451
401 452
240 453
157 454
224 455
422 456
5 457
240 458
421 459
268 460
369 461
354 462
111 463
413 464
94 465
277 466
436 467
109 468
73 469
335 470
153 471
16 472
264 473
318 474
298 475
25 476
141 477
114 478
298 479
155 480
223 481
109 482
423 483
455 484
46 485
206 486
368 487
333 488
467 489
198 490
263 491
359 492
21 493
174 494
295 495
280 496
458 497
84 498
455 499
357 500
125 501
392 502
297 503
245 504
160 505
87 506
412 507
264 508
463 509
431 510
438 511
482 512
148 513
340 514
331 515
425 516
414 517
438 518
261 519
306 520
3 521
228 522
454 523
339 524
120 525
239 526
32 527
99 528
465 529
418 530
451 531
489 532
132 533
109 534
111 535
464 536
77 537
39 538
427 539
315 540
69 541
77 542
511 543
159 544
226 545
174 546
463 547
69 548
27 549
449 550
25 551
378 552
326 553
156 554
416 555
47 556
468 557
1 558
336 559
462 560
312 561
329 562
468 563
74 564
277 565
284 566
392 567
319 568
23 569
258 570
15 571
511 572
117 573
143 574
79 575
364 576
416 577
163 578
412 579
69 580
179 581
45 582
564 583
316 584
15 585
179 586
92 587
38 588
110 589
262 590
207 591
42 592
74 593
32 594
463 595
194 596
370 597
554 598
114 599
414 600
576 601
257 602
118 603
142 604
302 605
124 606
129 607
272 608
460 609
310 610
204 611
226 612
14 613
513 614
136 615
494 616
472 617
343 618
217 619
70 620
604 621
301 622
447 623
454 624
478 625
457 626
48 627
114 628
52 629
321 630
538 631
60 632
94 633
309 634
7 635
320 636
326 637
79 638
602 639
44 640
592 641
637 642
295 643
156 644
494 645
464 646
160 647
5 648
594 649
253 650
112 651
637 652
490 653
176 654
280 655
563 656
196 657
419 658
526 659
645 660
147 661
452 662
179 663
434 664
430 665
539 666
285 667
312 668
319 669
353 670
207 671
464 672
459 673
126 674
311 675
583 676
194 677
171 678
644 679
452 680
308 681
395 682
432 683
507 684
33 685
342 686
557 687
179 688
271 689
365 690
645 691
599 692
420 693
421 694
548 695
607 696
364 697
632 698
325 699
74 700
683 701
602 702
3 703
146 704
543 705
117 706
489 707
525 708
240 709
578 710
42 711
581 712
39 713
528 714
612 715
538 716
664 717
711 718
200 719
719 720
710 721
300 722
383 723
608 724
601 725
538 726
346 727
551 728
447 729
563 730
379 731
505 732
408 733
77 734
199 735
726 736
500 737
185 738
23 739
294 740
740 741
6 742
686 743
105 744
159 745
719 746
93 747
327 748
290 749
126 750
503 751
86 752
323 753
404 754
376 755
331 756
140 757
207 758
523 759
745 760
438 761
537 762
602 763
494 764
104 765
32 766
134 767
579 768
20 769
350 770
695 771
507 772
547 773
181 774
79 775
194 776
456 777
546 778
603 779
168 780
638 781
57 782
708 783
237 784
174 785
463 786
162 787
650 788
232 789
443 790
647 791
393 792
555 793
363 794
292 795
298 796
703 797
275 798
154 799
296 800
184 801
20 802
247 803
485 804
274 805
12 806
6 807
265 808
530 809
102 810
440 811
196 812
460 813
154 814
193 815
309 816
480 817
588 818
213 819
233 820
600 821
606 822
793 823
665 824
678 825
746 826
741 827
89 828
129 829
816 830
24 831
573 832
684 833
747 834
595 835
311 836
77 837
542 838
650 839
105 840
341 841
343 842
651 843
621 844
604 845
418 846
363 847
7 848
343 849
664 850
347 851
736 852
852 853
300 854
538 855
608 856
678 857
588 858
274 859
474 860
500 861
430 862
280 863
405 864
50 865
731 866
200 867
353 868
174 869
386 870
437 871
183 872
572 873
41 874
231 875
263 876
800 877
292 878
566 879
689 880
436 881
277 882
502 883
242 884
86 885
115 886
820 887
132 888
41 889
823 890
328 891
865 892
833 893
492 894
92 895
599 896
634 897
708 898
643 899
463 900
607 901
14 902
506 903
601 904
388 905
294 906
211 907
593 908
397 909
268 910
457 911
880 912
426 913
529 914
702 915
2 916
513 917
576 918
709 919
372 920
235 921
842 922
664 923
259 924
888 925
249 926
679 927
474 928
15 929
741 930
388 931
686 932
459 933
324 934
877 935
144 936
282 937
670 938
705 939
369 940
98 941
599 942
429 943
753 944
756 945
390 946
55 947
365 948
738 949
80 950
604 951
887 952
456 953
393 954
410 955
346 956
210 957
587 958
36 959
857 960
51 961
257 962
602 963
343 964
906 965
944 966
882 967
643 968
722 969
143 970
249 971
621 972
145 973
858 974
620 975
482 976
485 977
862 978
202 979
517 980
207 981
167 982
476 983
926 984
755 985
223 986
268 987
246 988
874 989
258 990
682 991
1 2 981 891
2 3 463 130
2 4 475 771
3 5 575 474
3 6 440 434
5 7 124 492
4 8 386 169
6 9 242 279
1 10 630 212
1 11 588 504
9 12 403 490
9 13 536 491
7 14 321 33
10 15 385 121
12 16 369 909
16 17 498 873
1 18 668 257
16 19 733 704
2 20 638 879
9 21 344 367
1 22 587 307
13 23 305 635
6 24 8 587
15 25 852 604
7 26 174 672
18 27 639 154
11 28 186 86
18 29 830 273
22 30 649 327
25 31 223 285
3 32 633 330
18 33 401 860
33 34 537 595
12 35 153 948
32 36 125 22
29 37 159 22
33 38 151 449
27 39 987 384
4 40 162 863
38 41 599 5
12 42 887 369
1 43 302 45
21 44 372 41
6 45 802 379
41 46 57 31
15 47 44 24
36 48 217 648
24 49 535 333
48 50 834 573
38 51 155 264
35 52 454 326
20 53 810 941
30 54 727 561
35 55 688 938
15 56 41 336
48 57 322 958
8 58 496 328
46 59 401 334
14 60 304 176
32 61 933 879
5 62 839 952
6 63 247 383
29 64 213 451
47 65 529 386
12 66 277 775
64 67 258 660
3 68 330 579
27 69 382 285
35 70 798 910
35 71 919 229
3 72 680 151
2 73 587 382
68 74 290 985
35 75 953 111
2 76 796 199
60 77 856 879
13 78 61 466
56 79 29 507
4 80 522 198
67 81 965 31
75 82 821 680
17 83 149 521
45 84 255 310
84 85 182 370
27 86 925 651
83 87 702 594
12 88 264 467
32 89 927 140
32 90 314 890
56 91 324 276
79 92 545 756
18 93 742 108
9 94 732 303
66 95 239 627
21 96 401 364
85 97 302 121
94 98 162 111
64 99 921 766
94 100 597 166
83 101 567 594
50 102 162 470
90 103 394 223
64 104 674 218
33 105 919 843
61 106 204 385
20 107 713 497
10 108 186 298
4 109 668 386
72 110 823 942
3 111 689 178
19 112 828 225
46 113 172 791
62 114 684 559
13 115 628 540
18 116 490 452
30 117 773 893
42 118 296 834
56 119 831 754
39 120 607 935
22 121 553 668
5 122 267 162
70 123 445 153
76 124 511 431
59 125 900 955
13 126 715 813
86 127 218 949
68 128 150 369
61 129 837 759
73 130 579 261
56 131 904 447
18 132 576 860
127 133 305 345
33 134 930 400
8 135 450 266
84 136 616 618
55 137 869 346
3 138 664 781
21 139 132 147
41 140 614 191
119 141 872 390
121 142 157 506
46 143 293 866
40 144 67 844
31 145 729 484
94 146 214 863
62 147 599 349
31 148 618 118
131 149 14 328
15 150 951 18
39 151 955 295
58 152 273 466
140 153 700 258
151 154 924 981
127 155 477 397
21 156 459 284
144 157 532 259
77 158 572 511
96 159 514 260
105 160 681 685
133 161 961 171
72 162 114 840
45 163 619 157
30 164 23 842
79 165 284 603
152 166 716 373
136 167 38 464
18 168 567 317
49 169 466 742
102 170 711 379
101 171 120 327
128 172 682 936
8 173 122 664
37 174 880 547
75 175 485 333
149 176 64 692
18 177 547 551
114 178 247 576
87 179 739 898
109 180 73 81
48 181 685 53
78 182 48 827
104 183 766 793
46 184 728 84
44 185 45 582
108 186 597 197
130 187 781 889
95 188 824 640
32 189 749 538
86 190 987 873
162 191 871 105
22 192 1 715
20 193 919 690
159 194 945 157
113 195 816 639
115 196 751 657
182 197 941 102
11 198 350 16
119 199 151 697
13 200 622 879
179 201 916 368
109 202 141 482
94 203 898 550
12 204 403 879
154 205 346 197
119 206 345 164
109 207 669 123
115 208 706 794
52 209 852 583
88 210 105 688
196 211 154 380
65 212 257 170
152 213 681 789
78 214 673 770
58 215 32 501
140 216 577 587
87 217 639 394
104 218 843 235
37 219 410 416
212 220 120 206
174 221 765 241
191 222 531 130
167 223 822 337
90 224 702 847
109 225 942 604
137 226 421 628
35 227 307 284
72 228 693 565
198 229 249 669
46 230 334 490
36 231 436 960
199 232 936 491
31 233 434 526
111 234 274 313
121 235 648 569
43 236 495 784
35 237 418 793
175 238 296 524
158 239 37 40
96 240 812 665
56 241 129 927
73 242 569 788
83 243 244 863
241 244 308 836
214 245 951 870
142 246 250 570
1 247 153 17
93 248 634 216
151 249 52 684
178 250 480 786
19 251 110 420
61 252 760 297
212 253 331 749
93 254 543 343
61 255 691 164
171 256 699 681
230 257 252 422
157 258 853 622
188 259 139 619
40 260 76 720
32 261 55 529
86 262 125 745
240 263 167 513
75 264 775 918
111 265 326 758
25 266 402 96
198 267 498 934
81 268 384 484
223 269 886 585
117 270 283 677
52 271 666 290
11 272 300 593
59 273 986 811
67 274 544 575
29 275 168 504
67 276 791 880
85 277 91 231
273 278 616 623
107 279 46 430
223 280 50 652
60 281 296 59
63 282 539 674
156 283 496 971
149 284 889 486
62 285 496 293
223 286 278 79
269 287 491 719
220 288 661 813
137 289 86 847
76 290 418 450
73 291 797 352
285 292 897 444
92 293 241 372
21 294 564 43
26 295 704 939
137 296 225 945
172 297 172 946
217 298 657 601
3 299 166 629
192 300 621 55
276 301 542 173
173 302 545 902
300 303 270 593
250 304 632 121
295 305 896 611
88 306 218 816
183 307 353 604
10 308 579 171
119 309 495 331
125 310 119 651
115 311 895 547
115 312 452 247
71 313 564 301
142 314 139 181
113 315 515 456
296 316 11 528
178 317 838 818
195 318 816 964
17 319 597 48
6 320 170 187
293 321 798 68
54 322 834 50
201 323 468 916
215 324 802 293
97 325 331 238
298 326 704 707
267 327 196 173
166 328 676 162
125 329 309 631
320 330 276 373
125 331 540 366
153 332 398 945
168 333 328 10
292 334 958 803
116 335 689 759
246 336 143 814
209 337 315 227
205 338 916 937
323 339 665 20
168 340 648 816
101 341 293 251
32 342 432 782
72 343 622 265
253 344 615 575
35 345 990 87
247 346 443 869
303 347 144 121
50 348 606 118
336 349 732 621
274 350 504 949
179 351 154 856
38 352 561 377
108 353 757 12
234 354 701 195
259 355 158 377
173 356 416 296
108 357 48 15
234 358 964 57
167 359 678 471
171 360 393 102
339 361 690 803
122 362 591 332
357 363 976 277
348 364 556 133
67 365 941 103
212 366 864 744
237 367 862 300
86 368 288 540
69 369 130 650
15 370 236 73
189 371 605 358
67 372 288 143
250 373 751 768
365 374 444 143
183 375 919 179
139 376 359 487
127 377 319 365
336 378 98 268
59 379 232 61
87 380 550 727
152 381 238 207
276 382 647 476
52 383 877 396
37 384 387 921
373 385 315 248
112 386 153 971
253 387 77 17
275 388 447 495
110 389 661 409
349 390 979 212
257 391 674 56
383 392 851 466
196 393 71 462
366 394 903 944
20 395 387 725
335 396 384 805
236 397 57 73
191 398 239 107
249 399 880 864
16 400 956 395
151 401 154 284
315 402 507 227
150 403 202 404
61 404 131 383
328 405 688 152
343 406 751 917
300 407 661 290
246 408 162 53
10 409 346 859
229 410 339 925
174 411 953 156
113 412 206 883
274 413 589 970
350 414 906 423
138 415 566 408
99 416 427 8
406 417 159 666
240 418 388 764
89 419 658 708
106 420 935 381
260 421 636 264
348 422 441 418
95 423 569 694
189 424 753 100
167 425 691 217
243 426 798 169
133 427 75 128
240 428 771 957
168 429 193 501
132 430 425 203
145 431 736 880
152 432 75 372
418 433 805 329
229 434 403 594
172 435 433 502
150 436 710 269
348 437 356 154
186 438 759 833
97 439 179 160
18 440 117 783
198 441 496 487
60 442 327 641
177 443 249 816
3 444 705 69
110 445 866 679
393 446 645 854
343 447 506 554
373 448 417 931
105 449 296 496
278 450 385 787
63 451 321 86
405 452 399 874
340 453 58 943
350 454 787 731
299 455 912 171
298 456 869 783
312 457 96 180
47 458 15 42
439 459 159 798
445 460 201 235
415 461 856 681
282 462 627 948
276 463 516 904
225 464 458 614
88 465 565 164
223 466 600 645
203 467 206 730
238 468 890 344
426 469 147 270
216 470 944 569
119 471 358 218
63 472 792 869
325 473 327 931
460 474 254 775
331 475 672 74
13 476 829 36
18 477 662 431
463 478 353 625
320 479 320 352
260 480 187 160
69 481 587 151
335 482 163 335
255 483 381 818
135 484 911 101
341 485 887 134
267 486 460 106
333 487 65 422
172 488 80 183
284 489 420 429
471 490 114 2
378 491 136 902
222 492 859 273
87 493 361 762
125 494 851 302
326 495 964 685
157 496 207 804
138 497 233 810
69 498 679 336
25 499 458 767
467 500 668 981
388 501 488 815
420 502 357 706
408 503 270 861
281 504 553 807
63 505 457 158
12 506 753 424
220 507 723 881
345 508 140 458
441 509 414 914
131 510 780 698
478 511 185 761
334 512 381 22
235 513 402 36
206 514 343 786
89 515 388 296
327 516 131 670
494 517 522 927
50 518 776 937
175 519 230 131
24 520 353 71
134 521 873 850
227 522 601 960
397 523 850 39
464 524 638 631
412 525 495 931
367 526 199 441
407 527 112 826
8 528 183 973
331 529 170 783
160 530 314 528
411 531 642 808
25 532 735 275
113 533 881 741
94 534 523 983
151 535 571 747
476 536 769 953
480 537 692 202
6 538 54 676
309 539 582 740
224 540 705 527
439 541 581 725
35 542 107 84
381 543 900 271
400 544 231 482
59 545 897 145
165 546 362 920
426 547 130 411
154 548 829 152
478 549 916 185
371 550 979 82
453 551 441 747
59 552 546 287
341 553 286 761
399 554 583 639
422 555 247 862
158 556 174 78
142 557 571 465
335 558 466 904
229 559 427 734
525 560 901 62
246 561 757 736
284 562 312 876
59 563 971 918
508 564 383 758
534 565 620 609
153 566 466 703
230 567 677 559
422 568 292 875
458 569 568 271
188 570 301 871
537 571 669 738
549 572 516 626
418 573 952 578
116 574 570 22
545 575 27 190
303 576 25 38
154 577 761 485
504 578 710 744
410 579 834 183
89 580 308 969
531 581 399 236
501 582 586 332
138 583 980 420
532 584 25 670
146 585 777 423
19 586 604 679
64 587 944 559
281 588 771 241
20 589 226 562
314 590 647 868
408 591 964 592
313 592 774 151
453 593 718 36
74 594 235 389
232 595 140 985
366 596 317 539
193 597 245 753
528 598 264 264
492 599 399 318
184 600 670 520
405 601 307 113
135 602 56 112
46 603 513 82
530 604 757 600
364 605 764 840
116 606 364 813
485 607 793 990
492 608 784 780
309 609 213 332
65 610 596 234
369 611 191 254
610 612 477 538
534 613 104 4
28 614 316 705
427 615 368 537
119 616 533 62
493 617 124 425
437 618 255 456
228 619 263 500
207 620 221 782
77 621 369 936
505 622 284 459
305 623 265 523
253 624 944 676
229 625 216 403
427 626 181 559
315 627 297 967
319 628 10 141
584 629 790 926
334 630 496 866
630 631 54 960
263 632 467 971
474 633 798 882
39 634 266 470
327 635 322 434
204 636 39 230
474 637 688 705
460 638 922 488
171 639 5 985
617 640 569 915
437 641 16 156
498 642 506 715
98 643 312 979
398 644 89 921
315 645 553 335
644 646 133 720
525 647 957 247
67 648 624 165
179 649 947 470
543 650 102 504
554 651 397 417
384 652 410 959
20 653 577 165
314 654 698 907
246 655 396 234
30 656 197 807
513 657 479 927
506 658 859 456
461 659 579 977
544 660 756 126
50 661 307 656
418 662 787 142
525 663 477 209
240 664 798 559
547 665 57 991
459 666 25 631
172 667 868 576
459 668 239 517
578 669 686 201
84 670 3 583
260 671 53 189
303 672 946 988
318 673 195 36
389 674 438 408
159 675 623 944
551 676 565 261
264 677 281 348
658 678 432 283
76 679 678 984
310 680 968 50
442 681 156 275
78 682 220 520
157 683 309 902
32 684 28 942
612 685 614 386
443 686 677 722
256 687 55 35
446 688 346 93
420 689 140 383
68 690 721 176
145 691 597 373
643 692 218 264
390 693 778 280
536 694 398 664
332 695 719 971
156 696 964 593
369 697 508 904
348 698 184 592
355 699 736 873
678 700 495 81
60 701 87 319
376 702 94 854
594 703 540 87
553 704 745 555
598 705 4 139
100 706 686 224
605 707 967 401
588 708 610 112
121 709 726 696
634 710 784 634
236 711 728 549
531 712 512 930
450 713 262 220
120 714 848 69
123 715 191 652
636 716 873 761
706 717 315 107
352 718 187 208
568 719 547 729
223 720 894 578
628 721 975 677
210 722 411 612
304 723 542 604
457 724 692 63
171 725 379 957
241 726 420 97
225 727 853 274
416 728 658 300
682 729 330 506
557 730 204 294
685 731 281 412
382 732 2 988
152 733 299 153
479 734 114 482
490 735 214 635
105 736 488 22
171 737 795 418
426 738 630 289
641 739 796 868
452 740 344 380
629 741 165 879
456 742 253 720
469 743 365 192
295 744 794 971
491 745 641 406
108 746 292 351
203 747 508 448
679 748 764 51
596 749 858 763
489 750 791 271
582 751 639 453
641 752 257 936
1 753 947 288
512 754 648 200
370 755 574 69
740 756 498 568
620 757 181 718
303 758 49 705
700 759 385 874
684 760 353 284
628 761 778 17
467 762 57 788
556 763 556 857
219 764 33 88
446 765 647 518
363 766 448 689
697 767 901 332
444 768 116 945
277 769 896 772
411 770 471 427
287 771 234 981
310 772 790 768
485 773 388 646
535 774 448 325
57 775 536 135
414 776 603 274
327 777 189 45
294 778 559 53
400 779 844 749
681 780 183 134
472 781 485 113
732 782 273 485
100 783 273 893
350 784 242 55
81 785 427 126
204 786 443 800
624 787 785 188
605 788 371 617
531 789 298 324
197 790 415 741
172 791 121 728
268 792 68 739
496 793 147 362
534 794 472 464
346 795 150 126
82 796 184 917
57 797 198 590
376 798 638 276
136 799 4 282
605 800 494 382
242 801 301 291
603 802 49 547
375 803 112 749
254 804 380 798
792 805 918 736
43 806 339 447
648 807 470 40
772 808 29 256
681 809 655 537
616 810 546 941
363 811 512 983
171 812 124 565
369 813 493 601
505 814 213 850
679 815 66 849
475 816 743 47
285 817 93 83
175 818 9 199
16 819 6 835
577 820 495 841
24 821 76 52
232 822 433 735
269 823 356 882
348 824 119 511
128 825 25 647
405 826 694 187
236 827 6 116
146 828 187 670
121 829 273 599
735 830 217 611
127 831 588 526
648 832 631 17
354 833 352 229
298 834 7 390
7 835 57 771
752 836 141 113
595 837 497 936
560 838 359 887
494 839 124 231
84 840 183 29
795 841 203 293
83 842 333 887
497 843 437 362
703 844 646 939
772 845 190 245
596 846 336 861
685 847 524 639
578 848 332 223
550 849 783 903
781 850 178 564
437 851 867 653
40 852 320 82
811 853 86 793
848 854 417 857
689 855 23 674
628 856 729 114
454 857 789 80
411 858 876 604
743 859 463 813
2 860 111 483
667 861 90 159
164 862 607 329
805 863 828 572
190 864 138 884
259 865 232 578
811 866 485 18
613 867 451 787
626 868 636 365
558 869 385 482
137 870 283 483
366 871 855 355
342 872 311 585
551 873 225 496
327 874 72 985
460 875 289 371
124 876 59 922
298 877 88 894
627 878 430 82
10 879 726 348
745 880 175 654
266 881 874 568
125 882 411 46
99 883 123 539
159 884 54 392
166 885 932 351
399 886 36 646
123 887 364 337
171 888 974 772
422 889 802 333
761 890 628 904
160 891 497 569
303 892 967 937
24 893 606 338
608 894 579 243
25 895 32 826
216 896 885 315
875 897 954 93
807 898 488 871
38 899 356 595
116 900 13 411
22 901 292 666
269 902 599 622
405 903 398 530
639 904 983 272
70 905 541 147
100 906 158 95
858 907 545 615
339 908 204 121
503 909 523 712
611 910 366 424
861 911 664 292
75 912 501 397
734 913 723 247
644 914 908 506
650 915 91 494
761 916 7 655
607 917 436 759
17 918 420 576
771 919 620 561
109 920 369 52
394 921 499 314
632 922 86 913
311 923 674 80
225 924 485 668
503 925 208 851
459 926 872 434
180 927 961 436
92 928 334 431
603 929 768 159
113 930 573 974
500 931 302 586
263 932 581 477
717 933 707 896
425 934 656 494
265 935 463 77
583 936 161 732
452 937 826 159
569 938 885 311
327 939 781 331
236 940 261 341
802 941 786 839
728 942 853 648
476 943 178 882
203 944 318 133
419 945 532 781
93 946 607 327
318 947 684 419
571 948 789 752
569 949 202 705
540 950 941 547
178 951 882 135
866 952 473 366
235 953 740 458
70 954 331 570
508 955 10 164
599 956 536 688
421 957 972 87
33 958 645 611
931 959 564 769
322 960 143 878
726 961 951 396
398 962 499 109
266 963 984 573
495 964 451 17
137 965 426 910
383 966 810 378
350 967 11 128
855 968 975 666
568 969 514 899
504 970 116 826
812 971 168 234
513 972 868 671
847 973 36 251
564 974 178 236
411 975 510 626
304 976 653 86
492 977 456 874
802 978 199 655
100 979 873 467
250 980 606 558
385 981 896 199
907 982 158 897
273 983 100 807
443 984 206 128
205 985 561 235
681 986 815 292
368 987 991 407
180 988 470 192
256 989 604 87
363 990 802 736
682 991 744 678
