285 287 281
208 114 209 115
2 111 6 116
116 184 120 185
175 177 176 177
152 135 153 137
262 193 268 199
128 97 134 98
198 139 204 143
244 225 250 227
34 120 38 127
270 118 274 119
71 12 75 17
7 147 12 152
128 60 129 61
268 64 269 69
57 45 61 46
183 240 185 240
283 108 284 114
112 30 115 33
244 38 250 45
184 46 184 47
46 165 52 169
69 90 74 93
28 74 28 77
231 18 232 25
31 210 33 210
205 15 206 19
88 129 90 131
76 30 78 32
102 224 105 224
189 197 191 197
181 237 188 240
118 200 118 203
171 114 177 119
193 18 199 23
98 49 105 49
273 214 280 218
223 248 229 254
102 237 107 244
267 143 271 149
107 48 108 53
15 218 20 221
210 85 214 92
132 89 135 94
63 173 64 178
279 214 285 220
189 115 193 119
95 182 99 186
216 101 222 101
266 87 267 89
197 148 203 151
10 80 15 80
155 137 160 142
144 133 150 137
117 272 122 275
189 22 195 23
180 85 180 85
246 112 249 118
270 273 274 278
144 113 144 116
174 190 181 191
168 223 173 228
206 181 213 186
136 29 143 35
151 115 158 116
108 271 112 277
273 264 274 269
150 112 157 116
228 219 228 221
189 64 195 65
164 248 171 255
144 132 144 135
90 15 93 21
155 80 161 82
19 233 22 235
91 90 96 94
256 77 259 84
130 175 133 177
212 13 218 17
181 107 183 112
10 40 14 47
205 248 209 251
107 85 110 92
173 75 175 82
65 115 67 120
41 241 42 242
10 274 10 275
224 156 228 160
40 183 43 186
60 84 66 89
188 40 188 41
3 59 8 66
255 255 261 261
204 276 206 276
272 39 276 41
197 207 204 212
18 262 22 263
84 137 89 142
53 9 55 14
152 164 156 165
232 131 236 133
111 55 116 55
41 73 47 78
245 15 249 18
48 176 52 182
192 167 196 168
92 219 98 224
207 57 214 62
124 115 128 122
24 223 29 229
236 268 236 273
27 266 27 267
18 175 24 176
112 84 114 90
95 195 102 196
50 159 57 162
117 254 121 257
208 253 208 255
224 157 226 160
133 127 135 128
246 277 252 278
175 230 175 230
100 35 106 35
270 79 270 84
286 33 286 34
101 123 108 125
104 58 108 62
93 194 100 198
90 190 90 191
209 253 209 258
90 269 97 275
254 101 260 108
271 167 275 169
136 238 138 241
159 141 165 144
38 182 43 189
269 89 269 96
22 99 23 103
250 224 257 230
202 254 203 257
180 86 183 91
32 271 33 274
34 138 35 140
99 221 106 227
267 204 273 209
37 217 43 218
221 187 225 192
115 53 117 56
242 274 248 281
53 273 56 277
10 29 10 32
257 105 263 106
248 267 252 271
100 266 101 270
203 182 204 189
206 35 208 35
178 101 182 104
229 225 229 228
103 146 109 150
83 215 83 216
219 223 223 228
140 251 147 256
254 177 256 179
39 98 40 100
164 273 171 279
122 144 126 149
253 139 259 142
115 57 117 59
283 190 287 196
17 61 19 66
99 102 105 102
99 151 99 158
148 204 151 206
102 175 103 176
243 102 250 109
187 187 187 192
215 95 217 95
269 41 271 47
116 20 119 22
190 14 195 16
188 163 193 169
166 89 171 96
169 70 169 76
170 199 171 204
27 197 31 201
275 150 281 155
198 163 201 169
163 17 169 24
85 113 87 117
197 61 202 63
105 234 110 234
224 102 231 108
111 186 111 187
181 266 184 268
187 268 193 268
188 181 193 183
241 144 244 144
138 240 140 240
231 81 237 86
206 1 206 7
143 262 147 264
9 243 15 246
52 43 57 48
253 226 253 233
17 33 21 33
116 169 116 172
68 144 74 146
150 87 154 90
27 99 33 100
209 106 211 106
245 195 252 200
16 170 17 176
264 169 264 174
38 249 40 253
263 146 270 152
93 47 99 48
207 163 209 168
28 180 28 184
219 84 220 85
190 23 194 26
22 134 23 138
91 281 95 281
271 255 273 258
191 181 193 188
287 112 287 119
266 246 272 249
12 125 13 130
75 157 79 161
138 101 144 104
198 148 201 155
149 141 156 148
194 129 201 129
76 234 79 240
211 259 214 266
190 81 190 81
4 217 5 218
110 147 112 154
213 87 213 93
32 12 33 14
112 74 117 81
75 55 79 60
275 238 280 243
48 62 48 65
279 229 279 235
121 176 127 176
80 280 84 281
57 278 61 280
254 224 259 227
237 68 239 72
74 204 81 211
124 135 130 139
76 230 82 237
168 161 168 168
175 127 175 133
205 271 210 274
201 179 202 182
53 242 59 242
242 100 246 101
188 271 190 276
286 223 287 223
152 68 155 75
231 120 232 126
281 84 285 86
76 94 76 94
8 7 10 13
145 221 150 221
158 44 162 45
235 145 240 147
107 67 108 74
211 197 213 201
29 168 30 172
195 7 195 8
50 73 55 75
163 96 166 97
17 163 24 165
206 156 208 159
90 145 97 147
134 13 137 19
74 280 77 281
193 10 194 12
214 244 217 245
16 161 21 168
206 226 211 228
71 56 75 56
122 145 123 146
