297 1360 4
139 110 1007335778
212 178 1
269 228 933686974
97 106 1
42 54 499437331
132 225 820199033
268 248 791183156
165 139 902467528
219 157 1245155107
269 62 1
12 204 1
156 262 1333076243
44 258 1
151 271 1422316361
31 158 1
21 194 950646654
88 204 49634736
208 72 614983099
54 146 861003029
198 37 1
271 100 1
107 270 1357356521
217 170 1742172629
162 73 1
120 128 1185847557
266 244 1620946485
216 191 343240646
258 250 714277952
92 134 5579286
41 243 382424460
283 237 826257074
53 286 1778487832
164 241 109539980
160 143 1892628880
83 127 1
271 115 1149021377
95 193 19416963
159 52 879962786
12 186 1205076469
153 193 1
16 174 1
140 213 1
1 161 1371748059
266 119 1
228 62 416830664
118 130 159210132
67 277 1937415082
269 280 1
167 1 1504834174
143 167 1
188 160 806735087
130 16 706053710
37 73 1484584453
273 150 479888637
252 31 815739694
243 41 1871636472
156 67 1
240 198 1321320099
117 204 1
246 170 1
277 68 265824518
210 149 1
186 219 1
286 148 1
175 93 473688088
185 239 1
257 30 1848178906
291 34 976986845
6 265 1
230 182 1
141 263 1
46 280 1656998068
77 27 1694909962
265 296 1
175 15 1376112397
214 195 1
244 224 1749695236
79 273 1218475605
36 18 196686667
127 173 1255644195
60 173 1
246 45 1
46 149 1
121 212 1703575041
142 230 1291956166
195 141 1
191 17 1
51 237 1
224 288 1
183 9 570757815
255 5 1830544749
17 76 746865271
213 140 1
212 161 970018128
214 7 1137501771
219 83 1
103 270 1
66 92 1
114 57 468167280
135 255 239691709
206 65 887770544
124 237 594270842
18 172 359885204
296 265 1
228 289 1277215264
47 4 555267567
69 179 547977145
86 118 1132616944
64 103 223829279
258 80 1554649141
278 151 1693714125
165 166 1986427919
108 226 1
79 91 1
32 177 1363600766
133 223 1
186 158 971315309
223 133 1
160 266 1
43 24 1
155 283 1
77 156 462120714
9 65 1510435385
16 48 1447197657
177 118 667020670
10 39 1
98 64 1
231 66 385621729
16 186 763691700
238 84 860281881
46 145 1
281 197 344559219
148 89 1
111 66 492821123
248 55 884485520
152 252 1
121 178 801369159
83 60 808516984
187 58 1
87 82 1453931893
68 197 1
122 2 834672939
39 25 1
255 172 1
208 284 1
13 179 601016502
2 225 45753370
118 48 1490197263
179 205 1870967512
76 115 412148319
51 190 1
205 96 1332160007
51 204 1838669324
66 231 1516190295
157 174 1
239 228 1
191 289 1
83 219 1
154 180 1925529619
166 139 1
245 38 1
196 207 743632633
277 119 1
98 167 1931218066
276 149 911533357
112 70 1
92 66 1
33 14 1
62 228 162353425
156 25 628258882
251 78 930640764
262 197 1711182036
72 8 1
84 238 981792590
106 89 120766181
226 199 1
150 239 1028274754
85 24 1
130 48 1
228 191 1456964995
60 83 1798685768
240 87 445272928
242 29 663857450
68 99 1738739201
28 264 1
133 245 741266675
90 235 1
169 106 10812733
173 159 1
296 295 1
122 139 278037675
29 234 1
137 246 475493734
247 125 1801441437
262 277 1
40 133 1
222 189 1
61 182 1
82 87 14966560
270 98 286005835
120 42 1209407758
272 34 1746827031
179 13 549442248
28 296 1000160010
197 262 91196311
291 220 1
200 187 1891658977
187 200 577043278
133 40 1
119 277 1
239 289 775297573
203 179 1
127 83 1
155 172 1927299759
71 203 581726347
239 131 1839829290
23 129 1
42 140 1425755790
286 163 691061158
173 52 332760571
43 58 465967415
62 10 856298482
230 142 400994430
98 201 1
133 38 438980657
74 283 607493477
265 108 780972506
252 248 1
186 190 1
206 37 715007171
60 200 824111068
183 253 1
241 146 1
81 21 1829583790
154 97 1
124 74 1039313285
177 85 1
63 278 517978080
282 169 1
49 103 506828345
15 175 542133132
2 122 1304775689
195 214 1
174 16 1
149 46 1
134 233 1
237 117 1537476958
97 180 297641146
95 34 1
125 260 266708409
287 23 793909066
227 267 1
144 213 1
156 39 1888444366
149 276 1386756277
44 292 958948142
250 169 424386910
141 238 1056579840
86 260 246740290
3 100 1
138 35 734029710
117 88 1490098549
288 244 231511045
211 194 440521438
295 168 418314765
170 246 1
233 92 259820449
266 160 1
235 11 1695811779
171 260 1
11 90 1922399087
295 184 1827975573
44 250 1331376022
128 54 1777748708
254 71 610989062
68 119 439754366
116 294 660855041
89 126 1742485062
280 145 1474056896
84 76 652968441
246 297 1509766057
136 12 1757611854
266 79 848544395
85 177 1
267 227 1
217 274 328010699
84 276 1
140 42 1527270971
284 184 1263644903
129 23 1
260 177 819132053
46 17 672465099
210 112 797498006
9 82 1
260 125 1103824186
280 70 1
231 258 575541901
218 276 1
134 275 740320516
188 1 1054907687
264 28 1
91 273 590291540
72 254 1569374291
208 8 580439253
26 49 880960300
226 108 1
27 104 1992883899
104 25 1
181 229 1
235 159 356013914
274 71 1
145 46 1
132 38 1016715511
87 240 1958736195
41 132 1
51 117 961155461
250 116 1
45 137 843084684
230 72 412181689
222 137 1242972701
123 167 1
233 247 725625475
34 291 1991096267
162 144 395121481
140 120 1
262 156 495839279
117 51 630037885
100 151 1323951938
4 1 1
94 138 1114247608
108 61 1985626751
28 21 1029998187
287 215 1
107 26 1154607231
50 238 1
78 241 1050717387
151 165 1
204 88 1702993292
218 50 647108984
281 99 1
285 260 1893073041
290 202 1529262978
137 189 1243576608
27 156 1
157 35 1725722563
128 120 705389502
74 124 389893636
122 165 1
144 162 320647659
119 259 582761294
84 17 1
146 241 1
71 57 1976105066
180 9 1
91 79 1
177 32 1684545184
164 282 550088524
222 193 1670999574
126 183 1
209 85 1495621130
200 173 1226343038
31 83 366646241
64 98 1
207 196 1904635588
206 87 731787934
56 243 1267563886
189 182 17573951
250 282 198137728
158 252 1414477448
24 85 1
237 242 997837074
30 225 1
9 180 1
35 94 1
101 287 1817052214
206 146 1
59 150 1
232 2 1
241 282 1
270 107 728008642
283 117 1
33 212 1810639104
105 292 1
256 112 1527478409
263 115 1
208 261 1
217 114 240860895
123 64 767708010
229 193 89307464
103 49 206962200
22 86 1807189707
55 221 508504961
132 2 1
47 161 1
191 216 1810640925
73 198 990625537
44 164 1935409887
163 106 1
207 104 1434770236
178 55 863396965
117 283 1
92 233 502858686
275 294 1
271 232 1
278 168 1
54 78 1
53 125 1
116 169 1274917788
61 267 1
286 85 968823988
100 3 1
76 17 936322965
289 191 1
131 223 1668791014
205 71 1
89 97 1669101736
151 278 1056896450
115 232 1843801146
174 94 834415942
208 166 1943488822
134 116 1
46 84 899776946
207 27 1
284 295 1
2 245 1724511434
112 256 1109199744
293 11 1
121 252 263848555
166 278 1
297 217 1
132 30 1235316072
199 226 1
119 79 1268374537
14 5 1
75 139 1
50 195 1204190187
242 51 161109769
174 157 1
15 221 434071604
276 238 1629346673
139 122 1720181163
94 174 1357925276
289 131 1
248 175 1
190 12 498814518
274 57 1846480396
8 254 1903808499
126 180 92930872
281 68 538907002
112 210 1407745591
25 156 1992536707
173 60 1
99 281 1
11 235 1913367013
129 287 1024973758
59 270 1
197 68 1
202 264 1200946371
8 72 1
182 189 1761321202
152 33 1638854301
182 61 1
192 107 286054007
127 93 528012511
122 75 1838744019
5 135 1
37 240 591938654
22 118 1
201 59 483034322
228 239 1
106 282 1690429535
182 230 1
111 92 1758779981
146 206 1
17 191 1
147 115 1
189 222 1
32 286 1
48 174 1004177118
286 32 1
251 128 1
86 109 1
14 136 382216116
294 53 971644506
227 226 1642597936
71 274 1
189 297 1053398775
70 112 1
78 146 1280758008
221 15 1513004499
83 268 583607541
251 164 1615218153
125 275 1112331767
249 181 1
88 255 1
232 122 367695302
259 266 1980072827
13 279 966153444
106 163 1
260 32 1
231 111 1
264 265 511114517
135 18 1
116 258 622605066
97 89 1978577959
82 9 1
172 36 1
1 160 1
58 200 58043877
178 212 1
1 123 1608459246
84 46 1835317610
94 157 455089310
131 192 1
139 261 355120574
70 104 332622660
233 134 1
209 94 1882477382
236 234 1638622576
272 19 1241823769
12 158 1
187 235 710975501
143 160 1185759299
55 248 387706331
61 222 96027827
295 296 1
281 135 1700074674
29 22 1222910680
124 234 1163511811
148 24 98492351
55 178 541516554
178 47 1454288504
68 259 1
260 86 69360506
218 7 448821862
32 85 1403856946
261 8 1436308775
57 217 1
76 263 1213561547
275 134 1576281374
161 178 1851688256
11 293 1
161 47 1
38 41 320167235
190 16 796368354
85 209 1064214583
187 11 1
93 268 1
138 24 1389562063
73 42 1
292 80 1
186 12 810439990
149 210 1
97 241 1930130588
145 17 215007719
117 255 682233693
7 218 272200985
67 10 1589714884
174 219 291165200
202 28 952142713
167 98 1179531729
263 100 711547259
199 227 1396925703
171 109 619482822
37 198 1
121 33 1
63 211 1
27 207 1
204 190 197710801
59 201 1419751679
211 63 1
36 155 1355684630
184 284 571312101
270 103 1
249 291 548443599
65 154 1
182 142 1443063202
157 83 1336216610
203 71 1668620275
168 278 1
158 31 1
203 254 1
255 88 1
196 27 1636187245
225 257 1740900099
288 224 1
23 215 1924098523
79 201 1840006470
280 25 1762863779
273 79 209257588
194 295 1224065081
6 264 937506957
147 40 1071823154
9 183 1562155476
54 42 924643324
189 142 1
273 201 1
233 275 1378251768
275 53 807160920
70 46 1677675
288 99 1
223 56 1
288 14 37037703
243 56 1987580587
216 147 1166761358
158 12 1
222 95 1
99 5 1586859151
194 211 660119485
48 130 1
137 297 1
283 155 1
226 265 869192951
23 262 1440411239
231 80 1
217 297 1
86 177 1
169 163 1933306246
101 215 86060287
227 34 1669672739
204 12 1
64 123 811295334
35 58 615197034
127 52 1
104 27 219119173
142 189 1
60 157 1
230 254 1
131 289 1
2 132 1
26 56 34440811
136 88 1
132 41 1
69 8 1
285 171 1619975042
173 127 27280674
220 291 1
200 35 1
168 194 1
180 183 1077786763
75 279 1662342666
139 166 1
224 244 1802054845
44 251 1
234 236 396894549
185 192 44741458
172 255 1
232 147 1087321737
187 126 1251603659
109 22 1591774135
66 116 3857522
147 2 1525759524
194 28 1
211 21 1
90 159 781564319
210 276 1436498365
219 158 218961449
280 46 1960769511
5 88 216099913
126 187 975136270
237 74 1
255 135 361979714
61 113 247722977
125 285 1
29 102 232624741
72 184 1
55 15 1
244 266 237408102
77 23 168665844
111 231 1
77 262 1
48 209 515447694
297 137 1
113 184 1
159 173 1
40 245 255881896
163 286 1655825237
34 19 1
61 189 1306537779
10 91 614814096
136 33 1931539122
128 78 1318976920
201 98 1
193 222 1152825257
43 187 241053900
47 221 940417393
290 81 1
268 93 1
189 137 1089761783
45 246 1
105 128 228766113
59 185 1200532251
159 90 821954777
167 143 1
141 100 1873422046
158 152 782229418
257 279 863447345
245 132 1255951182
280 269 1
193 137 1
165 232 929230346
269 39 1010870801
28 194 1
62 239 245657081
251 105 76958713
20 114 1
261 208 1
161 188 1
267 61 1
211 168 1662364851
195 50 1104603777
213 162 1446286601
56 223 1
31 252 645339709
131 133 687917279
202 290 538548041
290 214 1242450801
209 48 238949936
222 61 361981975
27 77 1526284964
141 3 1329847672
70 280 1
90 293 1575143179
284 278 1757123640
163 53 1
247 233 1779313358
21 211 1
223 192 1712491289
142 274 1
241 154 669560240
242 102 1
22 236 1
214 81 1299028600
234 242 1555746800
282 164 323793548
107 185 1
100 263 1954958094
40 147 1711145781
66 258 1
224 188 250997801
73 213 1625583201
152 136 1
170 114 1
99 259 1575783811
138 94 734819343
258 66 1
169 250 1767582540
237 51 1
113 61 1863801135
219 31 1750883948
253 293 1688604811
13 69 1
171 285 68939821
23 197 1
256 207 1325582082
110 13 1482950616
291 181 799877740
146 54 591865790
228 145 1
243 38 1
80 44 202596075
102 190 1208115682
252 55 1105319210
283 172 786735676
83 31 742210153
142 297 1518161552
226 267 1372566732
229 45 1
147 232 507787507
271 165 473991815
7 214 659729817
268 127 1515408645
209 118 1
19 272 1513434095
73 162 1
192 223 516771075
95 153 428393679
81 211 172143173
200 235 1
8 261 291597053
249 176 1
223 243 1360635115
16 190 1918337592
153 95 1161413229
143 79 1
29 130 1
163 169 1686743764
287 101 536070820
259 68 1
154 146 211871483
235 90 1
56 26 468589157
7 195 1244032474
65 87 1
125 32 761867436
102 51 330808997
30 257 1856452459
293 253 1937294565
98 103 1764127801
18 101 1
194 296 540856840
63 100 168478181
80 231 1
277 91 1577731192
96 57 1
248 268 1034490351
230 274 858198477
48 94 1
174 186 712429513
240 206 1
226 227 1066491531
232 165 1666302266
146 154 419659027
140 73 1894084607
196 129 1864333157
38 132 107836211
57 96 1
153 229 1494577560
225 30 1
96 20 773471683
282 106 1430503138
215 281 1
112 149 1351202603
195 3 638984153
270 49 994289048
17 84 1
134 66 376764792
23 77 743943793
130 102 1688724255
137 193 1
75 110 1545295153
253 82 1936983197
292 251 881735064
43 89 74370114
114 170 1
204 117 1
38 243 1
218 210 1618112242
32 260 1
108 267 1677143045
85 286 1542128488
7 50 1
278 208 725265812
237 283 632810962
87 65 1
97 154 1
52 159 1154795770
33 152 1648707727
35 157 390517753
14 288 1852771606
216 76 1
281 215 1
52 93 1389162500
259 288 521925951
121 55 1
188 161 1
271 151 185655238
267 95 1705071297
157 60 1
135 5 1
114 20 1
141 195 1
69 13 1
165 151 1
213 144 1
155 36 1280074811
154 65 1
247 285 480137067
128 251 1
12 136 946591022
86 22 42653712
292 105 1
207 256 1957393314
55 121 1
93 175 1560155889
131 185 1118658143
41 30 1335136990
267 222 1747470909
94 35 1
264 6 583587422
118 209 1
33 224 594279005
151 63 1
212 188 735232529
29 242 657364938
89 180 1
268 31 1
96 205 1075089889
54 206 1705410403
14 33 1
164 250 1
50 276 1039703424
33 121 1
71 96 1230682859
150 59 1
270 59 1
261 139 1372860494
274 142 1
284 208 1
1 4 1
145 228 1
169 294 1
39 67 634586508
74 155 886879240
188 212 1613919699
58 35 842464948
199 6 1877572552
265 226 1051558968
257 75 1
259 244 1
268 175 1592715433
89 148 1
202 21 1
11 183 1534570576
291 249 1517219468
63 168 779756931
2 232 1
242 124 1
110 69 1714140992
88 5 1649975167
167 64 88198854
8 203 1211221531
254 274 1208071354
215 23 758895418
3 141 952860842
200 60 1126107512
35 60 1150403736
161 4 728791256
195 81 1156453342
18 135 1
70 149 556590353
184 72 1
91 67 1
285 125 1
191 228 783674973
203 205 971002303
118 22 1
251 44 1
289 239 1102895108
152 158 418695612
71 205 1
162 198 916353047
261 110 1
197 23 1
190 186 1
220 249 311756339
104 280 85997236
24 148 1621690937
264 202 268231276
148 286 1
75 257 1
277 67 1527215617
157 219 1658115323
294 116 468078288
8 69 1
142 217 411351442
168 63 1779381697
39 10 1
124 242 1
17 145 1589954388
250 44 180520185
25 280 427188591
6 199 1829429695
116 250 1
72 230 1257301520
262 77 1
34 153 1605440674
156 27 1
113 295 127022412
227 95 372890374
192 131 1
253 183 1
291 153 1
175 248 1
3 211 650262314
107 192 12330901
45 229 1
241 97 1617140269
34 227 1196918723
81 290 1
265 28 693224297
54 37 1
88 136 1
184 113 1
220 176 318972973
19 291 1987460761
81 3 1
244 160 1221566043
212 224 1
137 45 1885347557
88 14 1378818152
108 296 726580364
115 216 729794244
278 166 1
150 62 1
190 204 381311115
59 107 68622170
183 11 1472774167
58 187 1
25 269 864775860
181 249 1
254 230 1
89 43 1543257755
272 227 1
176 249 1
69 203 764424163
238 263 1499699115
143 98 758247465
19 220 714798993
224 212 1
263 141 1
110 279 1
248 15 1067228209
128 42 1
49 26 1944220708
60 127 1430186643
180 154 1262572179
203 69 21449833
289 133 1302364114
22 29 451061950
143 201 851884747
74 237 1
167 123 1
94 48 1
258 44 1
209 138 1
129 77 604224946
289 40 567621002
36 101 1432958235
95 267 1570438253
190 51 1
105 251 1674613337
188 244 1
296 108 2180989
110 75 163913182
224 33 26750504
145 191 472096948
198 240 574534463
104 256 1
181 153 261685746
25 104 1
236 29 77709723
212 121 935087191
282 97 1887787983
193 45 10298799
225 75 852638756
57 20 1649843566
25 39 1
234 29 1
78 164 1
129 196 1411991214
102 16 1
145 269 1915757614
119 266 1
154 9 570141211
39 269 1934648790
204 136 1247623735
273 10 1
168 295 74627054
254 8 405282553
116 134 1
21 81 347063067
232 271 1
180 89 1
99 288 1
234 124 1070046709
135 281 20379121
288 259 1645707227
136 152 1
62 269 1
178 161 535774708
294 275 1
10 273 1
297 246 15895086
258 116 1411627237
149 70 379779942
211 3 220099253
201 270 744654382
171 86 258711595
120 140 1
123 4 709849697
3 63 475932077
80 292 1
139 75 1
130 29 1
39 62 1812643499
82 253 1580624056
16 102 1
283 255 1250119241
272 199 1293056560
279 110 1
6 226 643232527
164 78 1
65 9 530506293
252 152 1
161 1 514406405
214 290 363477987
113 108 1
177 209 1132888437
24 43 1
3 81 1
236 109 584000663
197 281 338549908
179 203 1
160 167 791794527
235 173 93163893
108 113 1
244 259 1
31 268 1
225 132 1701147386
282 241 1
248 252 1
245 133 1357535558
126 43 1
170 217 1044376312
101 18 1
275 125 553575868
63 151 1
276 50 575791658
292 44 14738425
18 281 290946888
73 37 856093129
100 63 46861150
150 273 2338040
67 91 1
279 13 665403829
42 128 1
67 156 1
152 121 1008837836
122 225 1
19 34 1
186 174 1077661148
278 284 1293511010
102 242 1
91 119 1236422013
76 238 1
62 150 1
4 123 934688829
67 39 199601236
295 284 1
201 273 1
163 148 1466437801
172 18 1825540392
293 90 736427620
37 206 922524326
72 208 279330964
215 18 1057393046
252 121 151385495
239 150 1640031056
225 122 1
165 122 1
38 245 1
104 70 1713971529
236 22 1
221 47 875161367
166 165 554979805
160 1 1
77 196 1
238 141 210742432
229 181 1
85 138 359113987
267 108 1324484565
57 71 589796991
53 163 1
98 270 1461927430
115 263 1
138 58 1
235 200 1
75 225 1338836626
110 261 1
247 275 1
130 118 1319819944
155 74 1055254643
136 14 1778344334
158 219 1355213014
153 181 1685267601
160 188 1646835057
275 247 1
92 111 1826777389
199 272 1523699483
5 14 1
279 257 1881513889
58 43 163886648
78 128 527868766
106 148 174855333
182 184 1577416942
42 73 1
239 185 1
51 102 1017380983
242 237 1432488266
66 134 942062572
215 287 1
183 293 1624373094
35 200 1
284 72 1134425647
120 105 1
297 170 133057747
133 131 1612306467
78 54 1
263 76 1473158282
34 95 1
296 113 635689550
99 68 1239629784
109 171 371614198
93 52 1458312131
256 104 1
65 82 488206061
185 59 185462858
166 208 324954233
126 11 417575121
220 19 354786212
105 120 1
260 171 1
286 24 824407873
5 99 1791690768
261 69 794611248
266 143 1968647575
265 6 1
297 142 467435319
215 197 704885271
101 36 1516794484
127 268 525092208
194 168 1
147 245 1
287 129 1324019761
1 167 1625808079
169 282 1
109 236 1622257340
276 84 1
69 110 514832874
178 221 1
176 220 1966063097
254 203 1
21 202 1
58 138 1
184 230 1811244220
49 107 1
172 135 234767167
40 216 1
213 73 494323108
4 47 786337736
151 166 575721108
106 97 1
148 43 989053092
295 113 592303736
31 248 1002113604
168 284 1457521010
276 218 1
180 126 1873199643
22 130 1319238878
9 253 1567024960
274 217 370589861
40 289 148721476
245 147 1
37 54 1
192 26 1
250 164 1
172 283 1860406642
238 76 1
294 163 619680020
115 147 1
274 254 1494484646
262 67 1457544330
125 53 1
103 64 1438480826
273 59 1764712707
219 186 1
20 96 598788260
15 55 1
52 127 1
221 178 1
216 40 1
42 37 25492470
11 187 1
149 84 1224834001
135 99 1994707016
10 150 198268247
193 153 1
76 216 1
81 195 1893188665
150 185 646364269
198 162 504250162
48 16 396411828
100 271 1
14 224 1358131529
57 114 1890529014
10 62 1323990170
65 206 1663259166
26 192 1
196 77 1
217 57 1
138 209 1
245 2 1564701138
153 291 1
24 58 1208859208
43 126 1
294 169 1
107 49 1
68 277 26260532
238 50 1
27 25 234506772
164 251 13720219
205 179 1857014667
216 115 179972888
197 277 452450516
277 262 1
255 117 417918785
269 145 682330647
80 258 775874047
134 294 215754821
185 131 1006285112
296 194 1876491984
109 86 1
38 223 353526919
79 266 1145854111
177 86 1
244 188 1
184 182 1155388886
28 265 1300194592
206 240 1
21 28 314895388
173 235 485753031
95 222 1
53 32 1035999084
263 271 939391474
12 152 314376816
166 261 1642424579
53 294 1249874877
191 40 124795192
148 106 411952709
201 143 790094564
185 107 1
146 65 116012747
259 119 771892946
193 229 643972445
241 78 1197298482
210 218 137407556
18 215 1235141990
17 216 1758135216
24 138 25182051
30 41 1836728038
119 91 1954648525
32 53 1071622234
192 56 1737114060
5 288 584148395
50 7 1
256 70 504366087
290 21 780593849
113 182 1285615252
115 271 98490263
285 247 284266039
102 130 547023446
91 10 1663222753
79 143 1
227 272 1
223 38 1989768636
118 177 1929176418
183 126 1
36 172 1
50 141 1363831959
111 176 144 20

