30 31
4065 7291 3098 2828 7523 1211 387 9042 3571 2322 6642 1673 7925 8537 3291 9923 5503 5997 9202 9969 1754 5753 9484 1943 2699 1660 5443 3241 9926 4743
8148 9648 2256 9412 5150 3002 9395 3727 4509 9938 1690 7445 1314 5308 4875 8741 260 2897 5466 2092 7365 2601 6029 7134 4529 2150 2226 7189 9103 1126
2668 7121 3283 8904 4778 2847 5740 4253 4898 6524 8248 4792 5996 3901 3095 8821 6046 7557 3443 9824 6080 4161 2907 8436 1003 2871 7746 4636 6834 1359
5255 140 5556 3756 8987 5986 5915 29 5577 3134 2749 8783 1526 4641 1825 5975 4609 1087 6131 4378 5473 1600 3805 1000 5838 1696 7207 8814 6356 4262
1199 3232 9644 6616 4996 2394 1858 2789 7352 1368 4041 6164 1948 567 4733 8426 7002 8101 4759 1795 8409 5529 186 1681 8731 1634 8364 2886 7072 8893
4522 1460 1186 7892 6245 4580 4797 6293 1194 5057 9948 2309 9671 4064 5983 2180 3657 5281 8290 1707 6377 4522 549 6440 2888 8305 3912 8776 65 3213
9505 570 8959 2594 1090 4568 7780 1056 3222 3514 5353 499 5578 7086 5969 4825 8617 8305 6101 7296 7899 2528 6145 1497 9898 4082 319 1777 7685 8014
379 4388 292 9702 8745 479 8688 7361 2403 4966 2866 9800 1268 8269 6597 7055 7174 4411 2227 242 4505 4345 996 6050 1040 1516 594 9605 1793 4476
9918 7202 2896 8693 7779 2925 6699 7139 2752 9937 4742 1694 2550 4832 4111 7881 492 9649 1099 7510 5347 2470 476 841 1219 2855 7868 7291 8170 7701
7975 8273 6017 5206 4483 2990 160 1900 4845 5903 6461 4890 123 5231 319 1726 3737 2880 682 1780 7886 7599 3923 1163 2177 4787 9934 3916 9869 6638
9113 4521 9972 5428 7616 3652 4618 1536 8913 4133 8053 6229 409 9715 7090 9847 4450 3287 1586 6050 1542 5977 2860 2172 6949 8855 3932 7393 4895 6379
233 4484 8090 2248 7195 423 8527 7335 9224 554 6730 751 9615 8355 271 2110 5033 9143 7350 6689 9294 6320 1882 5350 1960 3817 710 2246 238 1248
7745 9671 8797 5331 373 2739 9840 7653 1871 9741 1589 9830 22 5127 7146 3904 4522 9982 6883 1295 9159 2747 3136 4589 4267 999 7019 4427 1474 8249
996 5623 2094 2754 6850 4559 5534 966 2268 8557 8881 1999 3086 5210 939 3625 5112 3667 783 1999 5422 1671 1616 1443 1449 5830 2095 988 7225 1815
9462 4908 3778 5022 1030 8392 3658 7927 3133 2694 3837 9217 6554 9166 3008 6931 1251 6294 9116 8884 2591 7244 47 9604 819 6681 7446 949 3847 6972
8066 4622 4790 7281 2647 9771 1677 5822 6005 9248 7956 1579 7760 6667 368 728 3462 8029 7621 8182 2566 8753 8360 8884 6272 4591 3613 9361 8479 6783
9375 5538 5857 3431 4475 833 5003 745 7061 7758 2204 9336 9816 5341 1764 4813 9434 5774 781 8472 9059 6297 4143 6887 2189 838 2782 4377 1789 1715
100 1707 2787 6704 1293 9125 9027 5025 703 1149 4106 925 2328 7392 4452 9638 6203 1867 8997 1436 5403 3629 7479 2476 815 4126 6125 494 5815 7796
5089 3715 2834 2211 2582 6299 8149 3224 9723 6812 5472 9223 9368 6065 1474 1086 4317 8746 4014 2514 8505 2883 4101 3459 1630 997 239 3724 5117 924
9527 7761 1651 6985 120 978 1132 7044 3411 2128 7426 6542 9188 8337 102 1639 2405 6236 7320 1832 2918 3093 8202 7781 1269 239 9967 1281 5923 7902
4434 3181 6200 252 2684 9336 1579 8018 4323 7592 2577 9540 6438 9707 1288 3083 7311 293 978 6220 2967 9008 3445 8152 9802 884 1563 4658 4655 5211
2832 5102 2231 807 254 8075 9207 3699 9281 7479 4175 9276 3834 3503 4923 8683 5131 7620 4892 4408 2024 9850 4263 273 8274 7388 187 7957 1914 7070
126 9400 4024 3083 8219 4215 522 197 7796 5915 2089 5267 8240 4551 132 279 15 6842 5033 6923 9352 2405 5843 9530 9269 4674 5062 8089 2942 1466
5750 8534 8265 1113 9630 9303 1551 9498 9450 8608 1358 7168 2691 9739 7285 9438 4418 3981 9880 5992 1961 5338 7828 4548 250 3487 3404 6758 7037 5712
2599 7611 985 628 3697 8750 8699 5727 8308 1389 6941 3164 3119 6759 4835 5941 3227 2348 4084 221 6701 1566 108 5983 55 3534 3762 811 2308 6982
9780 9493 132 4563 8464 2200 3673 6271 7249 858 5745 7644 9658 3103 2802 1199 4975 4411 7778 7036 4756 9049 8874 7706 6130 6226 6389 8003 1551 7460
3706 4893 3236 6414 7136 5985 8219 7706 4828 6030 5320 6496 1558 9184 3684 3038 848 2184 7799 9310 195 8506 3182 5978 7177 5158 2100 3288 1316 2353
6978 6880 6237 5973 834 6169 7295 1719 1610 540 4010 5849 1922 4433 1611 3839 6201 6696 397 1763 6827 9659 7613 4964 2744 613 7245 4681 3188 2279
7386 4798 1296 3877 896 8312 159 5522 7161 6681 1459 375 1450 6877 4691 3394 2445 5453 866 8686 1583 1722 2869 8412 8560 4927 5011 4041 6301 5008
5444 5794 5035 9881 6437 4116 7491 9383 282 1984 3765 9174 4071 2396 7989 6580 5630 1274 2575 274 2933 6767 1609 793 7226 1943 7662 5951 8178 380
1370 1147 8931 1160 8792 3694 6764 9851 279 2094 9827 9647 7457 8423 1772 7058 5700 825 8238 2866 6972 3202 6650 4913 9688 2098 1829 2634 3874 8958 1780
554 9732 4832 7835 9954 8764 2152 7082 1098 5359 7296 2038 1666 6171 1651 1515 8417 7949 2523 6045 3061 8502 829 1443 8705 524 9639 6405 3032 3898 9936
8186 4744 1009 168 9287 1155 8846 603 3883 3276 166 4531 996 3446 9532 5353 8275 3795 189 3575 9007 4432 3460 695 1465 3021 4876 5100 554 5317 7852
3158 1140 6269 6046 9796 7205 4353 3536 6190 1881 6357 9781 4409 7632 2911 4667 545 4989 9264 8854 3142 4421 5234 4165 1241 3737 9233 9700 581 2519 196
6125 9234 3568 3121 4354 697 6851 6455 6893 219 8797 6490 7199 480 8678 3986 7123 5266 7485 6779 1118 111 2178 8380 2108 957 1642 571 9577 9531 2934
7150 7001 4268 8245 5603 7039 336 1447 3171 5881 3394 8988 3221 1532 1666 1794 7249 5505 5026 6843 6319 6094 8188 3004 8184 6984 2231 8925 9956 8069 9818
8882 2336 3751 8378 9559 7640 2895 7034 9889 8066 9016 1095 3228 2068 6769 783 3697 9246 1435 9943 2276 8575 1669 6456 9139 7714 6766 1817 4355 5835 7273
1228 2474 9680 4897 4076 5850 4610 3862 7987 3674 2262 5218 4744 6214 3901 845 1755 8599 351 1802 6902 1722 6363 9328 5861 51 6140 1275 6490 3463 5439
7794 7950 4160 3036 8486 7831 992 7519 7395 3294 1142 9803 2957 503 5815 394 2139 6239 5465 1138 9858 1615 174 1259 338 1152 1693 3043 8339 2684 4441
2076 4763 9825 6786 2854 4647 7836 3442 8464 7789 1595 3715 7476 685 3112 1583 2963 5225 5423 1119 5369 6719 9311 1483 1757 1501 2890 8525 4512 2354 2703
5243 9513 2074 3106 3496 1529 1310 1355 4055 6779 8399 9739 4161 6875 9290 7487 1057 2093 5543 3357 7267 4855 7364 6391 8046 8199 5939 2801 5484 8754 1586
1325 1046 9697 9724 3723 1256 9694 1766 3307 7524 1994 9380 7780 4783 278 8262 6460 7045 3986 9046 1335 9183 966 1572 3060 5754 3317 8860 2315 7497 9163
5410 2501 7369 5128 3012 2768 1607 8588 6021 6657 1977 8353 339 4968 2684 5336 3093 2560 6245 1397 2942 8617 7370 3193 3515 2719 6105 145 5254 2514 986
3353 6307 5495 9461 4836 6248 897 6000 9937 9993 9280 171 6291 540 7732 9453 1289 3478 4684 3643 5264 2216 2517 9323 1869 9422 7265 1641 9272 4427 3557
6115 7294 2025 6131 2986 8934 7288 5854 7572 2896 4866 4108 7328 7835 6610 5738 4836 5126 9958 5285 7753 7270 4730 7926 8064 7874 21 4216 3245 9703 7113
1766 6771 5298 4912 1130 5568 298 3793 9946 3286 1384 4743 4882 6392 7106 4244 9246 8207 4614 5253 2341 1601 7224 5484 2392 6699 5835 8541 2805 5592 2137
2028 4793 7321 7851 9627 4875 4710 2188 3525 943 911 1177 8174 3161 5014 3365 4910 5647 2096 9225 62 1167 3820 2446 560 2199 506 275 4976 411 2208
6145 9048 303 7361 2317 1038 4038 1587 6336 5604 6091 1432 2804 2240 3910 4715 277 5723 2332 6138 4802 1935 638 1264 9114 4092 6783 410 3843 3419 7214
2715 9538 2135 5676 9560 1854 8210 4407 6153 6239 4402 3188 35 9901 2451 3572 7596 5160 2198 1476 6118 3340 452 6565 8939 6549 3486 8198 2499 8853 149
3311 5592 7749 4784 5197 9926 2517 2574 1412 5236 9052 7481 4598 8616 8093 976 7264 54 3498 5226 7967 779 534 1546 7694 7581 2599 671 54 3680 8255
222 7327 6265 4385 6110 5395 1556 9794 8901 5849 4382 2474 1821 6806 7032 7096 3649 2733 5832 2700 7433 8784 7446 5980 9553 9175 8956 3854 8924 3659 6696
6294 1502 1695 285 928 4864 6975 8924 5299 4369 6921 848 3768 8848 9961 3781 4104 5468 7279 2459 7754 1429 4455 2785 399 9185 3051 2079 5039 4151 6887
1694 2247 1530 1570 9202 7013 1067 8039 4652 7639 8545 5591 3954 3086 3579 7242 2164 8772 1441 3906 4541 1124 6869 822 790 4742 7528 6050 8754 8456 2632
1310 9967 935 1196 8854 8411 3228 1749 943 4981 326 8402 6336 4064 6207 8296 5792 4052 5582 827 2565 7113 5290 2284 4456 6453 5515 3410 9241 9842 8051
5128 5759 2212 5671 881 4748 3075 4172 6110 6127 9316 5204 2957 7581 6915 6019 6247 5575 3587 1041 402 4972 9988 600 6656 470 6412 5761 9403 2984 549
8645 152 2060 5163 1488 4589 508 9895 2011 3020 5632 6767 1010 3341 5755 1934 838 9275 6061 6938 434 8301 4880 1604 3191 1023 4889 9677 9999 9008 6116
1820 6873 7334 6545 8929 9461 7007 2975 1110 8325 3659 1344 1828 5214 6910 3018 4520 4563 5813 3125 6258 6364 4331 7852 9047 2177 4709 390 2811 8916 6433
8726 9768 9045 273 1132 6439 8242 2140 176 4896 6396 3773 863 8370 7147 5940 6056 5528 3703 5561 4194 6820 5828 5868 835 640 3820 3955 8390 4768 1019
7725 3952 9095 7416 6282 5030 6295 9013 9403 3823 9884 5591 3481 1049 8129 7962 9592 643 1034 7806 8839 488 3769 327 3789 6211 5818 9316 2785 6571 8527
1000
21 31 22 16
4 1 20 22
6 5 26 29
21 13 5 17
4 8 5 25
27 1 15 23
23 7 19 22
9 25 1 21
11 17 8 23
17 7 5 21
5 24 1 4
20 6 19 6
8 22 10 3
30 8 2 22
10 17 24 6
30 12 11 12
6 12 20 2
22 19 9 23
20 18 5 26
7 14 4 29
14 11 5 19
1 26 8 30
15 12 9 5
27 12 11 25
3 22 8 2
6 2 7 17
27 9 22 10
15 26 27 5
10 27 7 1
21 17 14 8
5 28 25 18
17 17 21 30
24 21 17 31
20 17 7 24
5 13 25 2
10 30 8 4
18 30 13 21
2 2 14 14
26 19 23 2
8 5 10 9
7 6 22 11
30 27 6 14
25 15 11 4
1 2 16 23
7 3 10 6
26 31 27 9
30 16 21 1
29 15 30 7
13 10 17 31
13 19 15 11
6 25 6 28
29 9 2 14
7 5 25 30
8 7 10 12
4 2 24 23
26 5 20 2
20 11 3 26
17 22 25 18
28 17 3 6
24 5 6 18
15 15 28 2
30 22 22 12
15 31 29 30
19 28 13 3
17 15 2 16
22 13 15 6
10 13 15 20
12 3 11 29
25 26 10 22
27 25 11 31
29 21 18 13
11 27 3 10
27 23 4 11
28 8 29 27
2 29 6 12
1 31 7 3
19 6 13 20
29 27 8 26
2 4 24 4
28 7 21 25
17 18 10 29
27 9 17 8
15 31 2 28
10 1 20 28
16 24 5 19
28 14 23 1
29 30 20 5
8 31 10 25
9 14 20 31
4 23 29 25
8 8 12 14
30 20 7 26
30 13 28 15
25 1 26 17
9 1 15 25
30 22 28 24
5 6 29 5
12 18 1 7
28 2 24 13
28 28 8 16
7 13 8 29
13 27 22 11
11 31 15 4
9 18 3 8
10 3 29 22
8 14 19 6
13 20 17 22
1 15 11 22
13 20 3 14
27 11 2 24
3 31 18 19
10 3 17 31
28 7 24 5
16 22 22 13
28 12 14 10
8 12 20 23
23 5 27 7
14 26 22 19
9 2 24 15
11 25 9 31
20 12 8 26
29 25 9 30
25 6 21 28
22 22 15 4
15 29 5 17
11 4 28 27
2 27 10 16
16 14 17 9
21 17 13 11
4 5 25 26
27 27 14 15
2 6 3 22
3 29 11 15
6 29 1 27
4 1 9 5
9 16 25 13
1 11 23 11
22 23 30 3
4 4 8 18
7 12 1 9
15 18 7 2
13 6 21 20
16 8 13 22
22 19 19 23
26 20 6 31
18 8 18 17
13 21 10 16
3 14 10 13
10 31 9 17
20 9 5 4
26 23 8 27
20 9 25 29
24 12 18 30
21 5 2 18
4 14 14 5
20 11 24 26
12 1 26 8
1 27 23 25
23 8 30 4
9 14 11 2
4 2 14 22
26 25 25 7
11 23 17 15
30 24 24 2
3 24 22 7
11 30 16 23
23 19 8 19
11 7 21 29
27 15 4 19
10 12 15 31
20 17 17 5
17 15 22 16
16 27 5 10
23 27 11 7
20 2 7 13
22 25 28 11
21 19 1 21
17 25 23 20
6 12 3 11
2 20 22 3
14 15 11 26
28 25 23 4
22 29 12 26
30 8 17 22
24 30 26 21
19 3 15 6
17 1 23 23
9 12 12 4
1 26 5 15
23 8 15 25
5 22 19 19
5 14 21 12
22 28 29 2
3 10 20 30
25 2 1 22
7 5 18 3
10 29 15 12
8 10 7 5
5 16 13 24
28 19 22 3
22 23 21 6
23 11 26 10
22 16 5 9
18 3 26 2
27 29 18 26
26 14 3 9
3 26 22 30
19 25 5 31
11 31 25 4
15 21 17 30
7 19 22 23
30 26 23 6
18 4 7 20
7 26 19 18
29 21 22 18
25 3 12 5
12 8 24 30
22 10 25 6
11 31 17 28
3 24 11 2
3 14 13 7
21 22 11 7
14 1 23 13
3 2 7 27
1 21 11 10
3 9 27 29
7 20 7 30
2 22 16 29
22 4 10 16
17 23 29 21
3 19 20 10
14 5 8 19
20 1 1 19
11 23 29 13
18 26 6 20
18 24 27 24
8 19 1 3
14 18 24 30
4 21 9 15
29 1 7 2
15 9 11 27
3 1 16 7
8 26 30 8
21 8 19 2
6 3 22 17
28 28 4 24
14 20 9 17
20 9 16 15
25 3 7 8
25 3 28 14
10 2 3 14
28 29 18 6
28 23 25 29
19 20 6 22
25 9 27 2
8 21 21 24
22 19 15 16
9 14 4 20
13 6 12 13
22 21 28 8
8 16 7 11
1 13 29 7
21 26 24 8
24 12 10 25
22 20 26 7
3 1 5 24
25 22 30 20
15 14 26 14
27 25 4 22
12 15 19 4
11 5 1 16
6 16 21 8
29 7 1 9
27 8 17 20
23 19 13 2
13 27 14 25
27 6 29 15
8 21 30 11
1 26 4 22
25 1 22 2
5 20 12 5
21 3 16 14
28 31 21 25
14 13 1 20
25 12 3 31
27 16 9 14
17 29 2 3
26 18 16 18
16 19 23 6
29 12 30 2
11 29 30 20
24 20 3 27
13 29 11 23
12 3 14 28
12 20 17 24
15 23 8 29
29 1 23 5
29 29 14 22
10 2 29 10
6 18 4 1
8 16 24 14
3 24 22 2
18 23 22 30
4 12 11 12
20 6 13 3
17 31 22 4
4 12 16 9
14 7 2 3
9 12 25 8
21 29 26 19
13 15 26 14
29 29 10 31
8 1 15 2
27 18 1 13
27 8 22 19
30 5 6 18
12 12 14 16
25 21 1 24
6 15 14 7
21 26 20 26
17 7 4 23
4 17 17 27
30 26 2 26
8 8 15 13
3 13 13 26
7 14 25 18
7 14 21 2
22 22 29 10
19 30 21 18
19 2 17 28
19 31 1 9
13 19 11 26
9 12 10 19
21 11 2 6
29 26 6 7
30 24 3 18
11 9 19 31
20 6 6 21
16 25 11 4
3 24 8 30
4 27 2 12
8 20 3 17
11 22 8 9
14 1 28 3
5 25 26 10
28 18 6 3
5 27 14 17
10 30 18 1
7 11 26 3
20 5 5 13
29 3 6 18
21 20 14 20
8 18 28 10
2 8 29 28
26 28 16 12
4 10 10 29
21 6 11 20
14 25 6 8
19 21 4 18
22 22 26 26
15 12 25 29
16 16 15 15
29 2 10 27
7 11 16 17
3 20 16 15
26 23 9 1
13 26 26 15
4 7 7 1
28 21 14 13
1 1 12 31
20 4 7 25
23 25 26 31
25 21 9 18
11 15 30 2
30 8 3 20
27 5 26 25
11 5 7 29
24 20 5 21
28 9 5 12
12 15 21 12
9 14 7 30
1 24 10 30
1 27 20 29
29 24 14 21
1 31 19 27
24 15 10 31
18 31 4 29
28 27 7 21
15 8 2 14
16 19 5 10
8 29 21 5
19 5 8 27
11 6 29 18
9 4 13 24
27 7 20 26
17 4 22 29
12 18 6 29
4 22 27 29
7 24 3 29
5 14 13 14
17 3 3 21
6 3 18 20
25 20 8 2
7 26 28 28
27 1 24 26
9 20 16 14
5 12 11 6
14 8 9 14
2 30 25 11
29 19 3 11
6 13 10 13
16 16 19 11
30 26 20 15
8 19 29 16
30 11 13 9
18 8 23 19
14 21 1 25
24 11 25 2
15 20 2 11
20 24 11 29
15 10 15 22
16 10 26 3
26 21 25 22
1 23 17 30
14 30 17 29
26 21 26 4
22 1 11 16
26 30 25 20
16 2 14 27
23 26 30 2
8 5 25 25
18 24 25 12
12 26 19 3
20 17 16 8
9 25 27 17
18 31 23 5
27 31 27 21
23 5 12 20
28 11 30 9
30 11 30 28
26 16 11 25
17 9 4 16
12 3 16 25
21 15 15 17
1 16 18 2
18 15 19 21
8 27 5 13
26 31 15 16
17 2 30 28
26 29 28 14
27 28 27 31
5 22 20 18
2 1 16 30
16 24 13 4
1 11 10 22
15 1 17 22
2 17 20 23
8 11 24 1
3 3 15 13
30 16 17 27
14 27 7 2
6 28 3 31
27 5 24 23
15 21 16 17
10 31 7 20
6 18 11 17
14 26 20 18
3 19 6 13
23 12 12 8
26 15 6 3
17 28 14 26
8 5 2 17
19 24 26 8
1 13 10 4
26 19 11 17
14 13 5 17
19 26 30 2
23 15 27 25
7 27 17 28
26 1 11 23
19 29 25 28
25 1 29 12
14 7 24 9
12 20 1 20
16 25 2 20
13 14 21 2
9 10 17 15
20 26 15 28
14 3 4 5
10 3 2 23
26 30 27 31
16 14 19 26
14 17 10 11
29 18 20 29
24 25 18 11
22 19 2 13
14 26 16 31
2 23 29 27
20 23 27 12
16 29 15 20
20 21 19 27
16 17 3 26
8 16 15 1
6 22 8 17
30 2 20 22
7 22 23 24
30 1 11 12
20 29 26 11
27 18 19 5
5 24 26 31
27 25 29 13
29 30 25 10
13 13 7 29
7 4 16 2
17 16 7 28
27 8 2 21
27 1 12 14
12 30 5 23
15 6 11 4
6 27 23 5
14 21 15 2
27 16 18 23
28 7 13 3
14 14 2 17
19 7 21 8
18 6 25 31
20 25 21 28
1 8 9 22
19 22 12 9
4 23 19 9
24 18 25 8
22 26 21 30
4 1 24 9
22 27 23 4
28 15 26 21
5 10 18 10
21 8 6 14
20 18 18 25
15 22 14 1
12 4 19 19
4 17 2 1
23 26 20 6
30 13 25 25
17 7 7 14
23 10 26 4
6 16 3 6
4 18 28 24
23 21 10 12
12 13 30 22
18 3 30 4
13 18 14 31
15 14 3 21
25 19 7 14
14 19 5 2
20 14 3 17
16 7 19 15
3 30 22 25
5 15 10 12
22 23 23 11
28 9 1 23
1 14 6 19
13 25 5 19
8 13 20 19
16 31 12 16
11 12 4 12
8 25 5 13
23 1 11 20
17 15 21 21
6 23 23 2
18 25 13 13
20 14 29 3
25 31 5 20
5 28 16 23
16 17 14 27
16 31 17 27
18 2 2 17
29 6 19 8
27 16 4 11
22 12 17 24
8 4 23 22
18 7 27 14
24 12 16 7
14 26 8 6
20 16 3 8
4 19 6 11
9 14 11 29
27 25 27 18
10 15 14 19
30 4 6 5
24 21 10 13
26 20 29 2
25 18 13 27
28 11 17 14
13 24 12 14
22 23 8 4
9 13 7 9
11 12 7 17
11 9 23 28
9 5 17 13
1 11 13 28
15 13 18 20
7 10 25 27
17 30 8 4
23 2 10 6
27 23 21 30
14 10 6 3
4 21 8 21
11 29 6 26
29 14 16 29
12 29 26 12
24 11 12 17
1 27 1 21
1 14 20 14
17 15 6 4
21 2 5 7
10 26 26 1
2 24 23 21
10 19 30 27
30 4 26 18
7 4 30 19
3 11 27 14
18 22 27 29
19 25 5 4
19 6 10 15
4 28 2 13
10 30 24 19
9 9 2 6
22 14 10 23
4 25 16 17
7 31 14 10
26 30 13 11
2 24 4 14
3 27 2 1
18 11 23 4
18 17 13 28
22 27 15 15
2 8 6 11
20 17 27 4
22 22 8 3
4 31 29 31
16 6 23 19
10 15 23 3
17 4 28 31
9 10 2 1
24 23 27 14
6 16 25 11
26 23 2 9
19 24 13 15
22 29 1 22
22 14 19 25
1 30 17 3
5 19 4 16
12 9 11 31
6 11 23 12
17 28 19 12
23 19 6 26
2 15 12 19
15 30 20 20
18 12 17 22
25 11 22 10
19 3 6 25
17 22 24 19
10 24 1 19
11 18 7 29
5 3 28 26
27 13 10 18
26 17 15 6
13 2 23 31
19 21 27 16
24 28 11 14
20 10 24 27
14 8 18 8
4 24 9 20
30 8 8 15
22 7 2 18
8 10 23 13
13 28 1 29
23 27 1 17
13 13 24 15
19 15 20 15
29 24 28 27
9 17 29 9
19 6 26 17
5 3 10 13
1 27 7 1
23 3 7 27
30 13 8 15
29 16 6 14
26 24 10 2
11 31 6 24
18 12 4 12
29 2 12 12
2 8 14 11
24 11 4 13
16 6 28 26
4 11 9 27
25 10 7 4
27 5 23 9
3 26 18 12
2 26 12 22
9 26 26 13
9 26 21 29
13 16 21 30
22 13 11 31
1 1 28 14
27 4 25 16
2 20 17 12
29 28 9 31
26 30 11 18
12 6 4 22
10 26 4 29
11 11 27 16
14 4 23 13
25 16 21 31
4 16 3 30
7 8 26 21
4 22 17 22
15 19 8 6
26 20 5 6
13 11 1 23
25 13 2 15
8 7 1 21
23 20 18 17
28 30 6 10
24 5 8 7
24 12 2 18
6 3 11 15
14 25 7 22
19 13 6 5
10 27 9 20
19 9 9 17
26 26 13 22
16 4 30 15
10 24 16 9
3 13 8 1
22 15 1 21
1 28 13 9
14 16 4 10
12 17 3 29
29 3 9 24
29 7 10 3
20 3 20 26
4 4 6 5
1 12 18 29
12 6 10 20
19 15 19 24
28 27 18 25
12 14 26 20
19 3 24 3
18 26 19 25
12 12 5 31
22 2 17 8
21 4 30 12
29 28 12 11
5 8 9 22
22 11 4 1
8 31 3 16
27 3 16 25
30 5 16 21
13 20 28 31
11 21 18 15
9 22 26 18
30 1 6 8
17 21 24 28
1 2 21 3
8 10 21 10
6 3 26 3
1 21 6 1
17 25 12 16
13 17 12 5
8 8 13 9
1 28 14 20
18 9 24 7
9 29 7 13
12 20 23 29
12 14 18 31
11 3 29 11
4 10 28 10
4 19 17 1
10 19 23 3
3 29 9 31
15 8 16 17
15 5 4 28
19 14 21 16
22 10 27 9
1 2 17 28
1 30 19 26
26 24 5 14
15 6 20 16
28 18 7 6
15 19 16 29
1 28 12 20
11 23 15 9
9 29 27 17
29 31 13 15
9 15 13 26
18 7 29 31
4 4 6 23
22 15 12 31
5 1 11 23
9 25 16 2
22 16 22 17
17 14 17 16
22 10 1 7
27 11 20 15
29 7 27 28
17 13 23 28
12 17 21 27
18 2 29 16
25 24 16 11
19 1 11 23
27 31 20 10
15 30 25 4
13 25 16 13
10 5 24 13
7 15 11 16
30 1 11 5
18 10 30 11
15 15 10 8
2 3 6 15
25 20 23 30
7 11 30 9
13 20 6 21
13 8 28 17
13 17 16 4
28 30 11 17
13 19 19 11
21 12 7 10
21 14 23 24
24 29 12 15
8 28 27 11
28 2 16 25
2 9 8 14
19 22 11 12
23 14 14 30
7 2 27 4
1 18 15 26
25 14 2 20
15 26 26 6
6 10 5 31
29 7 24 16
25 3 2 29
10 22 11 9
1 14 24 15
13 17 18 21
30 17 17 25
25 30 17 11
17 6 6 27
29 1 4 26
6 9 6 31
9 26 24 28
3 3 5 16
27 29 22 11
4 14 3 21
30 16 13 17
20 7 9 21
16 15 22 24
7 26 6 8
18 27 24 19
14 4 30 20
24 19 5 25
5 8 30 31
27 13 29 24
25 24 13 6
19 24 19 20
22 16 29 18
7 8 12 26
17 9 12 24
7 5 4 10
1 10 30 23
3 1 30 18
21 3 15 7
11 6 17 14
28 4 28 4
8 29 19 28
10 3 6 2
6 9 26 9
25 20 3 31
16 31 3 20
19 9 27 30
4 17 4 29
8 23 14 29
17 26 17 22
23 11 13 31
19 1 12 12
19 27 5 31
9 26 18 11
22 2 12 13
18 6 7 17
9 6 26 26
20 12 23 28
14 10 19 16
18 24 1 22
30 19 14 16
6 19 3 7
12 23 11 24
2 21 29 29
17 31 6 4
19 9 24 2
21 17 21 3
29 18 28 31
8 15 15 22
9 29 13 27
4 6 7 2
15 22 25 8
9 4 8 31
26 8 27 30
29 3 26 29
6 21 6 20
10 11 15 22
6 16 14 22
28 21 29 20
17 27 18 22
26 8 30 7
9 3 1 27
21 10 27 6
20 3 28 25
5 31 12 15
9 6 8 17
23 2 26 19
17 25 18 23
3 7 2 16
15 13 24 31
19 10 5 31
17 5 28 13
5 3 13 13
1 25 30 10
21 25 8 11
5 15 10 16
11 19 7 15
30 14 3 28
7 1 18 29
15 18 20 7
3 7 12 9
2 6 20 1
17 20 10 22
4 7 15 19
4 24 12 25
24 29 14 24
18 20 28 18
16 16 27 3
25 8 8 27
3 27 10 11
12 2 18 19
27 8 2 9
3 17 7 6
21 3 8 22
16 10 18 7
17 25 19 17
4 5 22 14
30 28 10 8
1 22 16 30
14 6 25 17
16 20 2 6
4 15 18 2
14 4 14 16
11 10 23 23
26 8 11 7
19 29 16 25
24 13 30 9
24 26 21 25
11 23 29 7
2 12 24 14
19 17 7 2
19 5 6 25
1 28 16 26
4 18 20 6
3 17 4 27
26 17 28 12
5 30 29 9
1 18 27 21
1 9 23 5
9 5 9 14
4 15 23 22
17 5 23 13
24 13 20 18
18 30 16 8
21 29 2 21
2 10 20 30
5 6 22 23
23 21 4 23
4 26 14 17
8 6 18 2
8 22 14 12
22 1 6 8
1 23 29 1
26 9 11 28
11 11 16 9
22 12 12 25
26 14 7 14
11 2 11 24
21 31 6 14
11 23 16 11
11 29 13 14
14 31 25 29
4 16 4 2
20 28 23 9
1 30 14 23
16 22 14 24
6 10 15 20
