278 970
2 3 4 7 12 20 23 35 37 37 41 46 46 47 50 50 60 60 64 65 71 71 76 80 81 84 84 91 94 96 105 106 107 109 109 114 116 118 122 130 149 149 157 158 163 165 180 181 185 186 188 188 193 196 199 211 216 221 226 231 233 237 238 239 258 258 262 274 274 277 277 280 286 294 294 295 297 298 300 302 306 310 312 320 321 328 330 338 340 341 343 347 354 358 358 365 368 368 371 378 378 381 381 387 389 391 392 393 407 408 409 409 411 411 412 414 418 428 429 429 433 435 435 439 442 446 458 466 473 473 474 475 475 480 481 487 490 501 506 507 507 516 519 520 523 526 529 533 534 536 544 546 547 549 551 552 555 558 572 578 584 584 592 593 596 602 602 610 611 612 615 620 626 632 636 642 655 661 662 666 677 679 684 685 685 687 688 696 698 699 705 705 707 710 711 711 712 716 722 724 724 726 731 733 734 736 737 743 745 747 748 756 758 771 772 773 775 777 779 781 794 794 804 807 807 807 812 813 816 823 849 857 861 862 863 863 864 883 885 888 888 890 891 894 895 897 898 898 906 910 912 916 918 918 921 923 926 928 929 937 939 943 948 951 959 961 963 967 977 977 977 978 983 987 987 994 996 998
0 15 1
1 1 2
1 43 1
2 12 2
2 15 1
2 34 2
3 17 1
5 18 1
6 3 1
7 34 1
8 11 2
9 2 1
10 9 2
10 9 2
10 19 1
10 24 1
10 25 1
11 34 2
12 18 2
14 26 1
14 37 2
15 41 1
16 19 1
18 9 2
18 26 1
20 10 2
20 14 1
23 25 1
24 48 1
26 2 2
26 13 2
27 46 1
28 11 2
28 43 1
30 47 1
31 22 2
31 34 2
32 50 1
33 41 2
34 20 1
35 44 1
36 21 2
36 41 1
37 10 1
39 14 2
39 22 2
40 32 2
41 33 2
44 4 1
44 10 1
45 30 2
46 0 1
47 7 2
47 16 1
48 6 1
50 1 2
51 26 1
52 16 1
52 17 2
52 49 2
54 8 2
54 13 1
56 29 2
57 9 1
57 30 2
58 39 2
60 12 1
60 22 2
60 23 1
61 5 2
61 50 1
63 13 2
63 37 1
63 45 1
63 48 2
64 15 1
65 29 1
66 19 1
67 13 1
67 26 2
69 10 2
70 15 1
71 10 2
71 19 2
72 3 2
72 49 2
73 14 2
74 21 1
74 25 2
75 36 2
79 30 2
80 7 2
82 39 1
83 30 2
83 32 2
85 15 2
87 37 2
87 45 1
88 22 2
90 9 1
91 6 1
91 8 1
93 42 2
94 20 1
95 25 2
95 29 2
95 48 1
96 19 1
99 49 2
101 9 1
101 31 2
103 20 1
103 36 2
105 39 1
109 3 1
109 23 2
109 25 1
109 42 1
111 26 2
113 17 1
113 34 2
113 35 1
113 36 1
114 8 1
115 27 2
116 6 1
121 0 2
121 32 1
122 3 2
122 50 1
123 11 2
124 8 1
124 46 2
130 45 1
131 1 1
131 20 1
131 47 1
132 7 2
133 5 2
133 8 2
133 18 1
134 24 1
134 38 2
134 45 2
134 47 2
137 33 2
138 1 2
138 28 1
138 40 1
139 27 2
143 25 2
145 1 1
147 16 2
147 30 2
148 50 2
150 33 1
151 5 2
151 32 2
152 22 2
154 17 1
154 42 1
155 30 2
156 3 2
156 5 2
156 11 1
157 32 2
157 46 2
159 13 1
159 45 2
160 27 1
160 30 2
166 9 2
166 31 2
168 5 2
168 42 1
171 25 2
171 28 2
171 39 2
171 44 2
171 49 1
172 7 2
172 46 1
173 27 1
174 40 2
177 47 1
180 1 2
180 7 1
180 12 2
181 22 2
184 19 1
185 1 2
186 6 1
187 18 1
188 17 2
190 20 1
191 38 1
192 1 1
192 12 2
193 30 1
193 36 1
194 50 2
195 3 1
195 7 2
195 33 2
196 17 1
197 7 2
197 14 2
198 23 1
198 49 1
199 3 2
201 15 2
201 24 1
201 46 1
204 33 1
207 11 1
207 32 2
209 50 2
210 34 1
213 27 1
213 27 2
217 49 2
218 3 1
219 28 2
220 40 2
221 41 2
223 22 1
223 40 2
224 43 2
226 11 2
229 0 2
229 27 2
233 20 2
235 30 2
240 38 1
241 7 2
242 45 2
244 25 1
244 45 1
245 21 1
246 20 2
246 49 1
250 7 1
250 42 1
253 3 2
257 17 1
257 43 1
258 11 2
261 11 1
261 24 1
262 30 1
264 15 1
266 43 1
269 25 1
269 28 1
269 43 1
270 37 2
270 39 1
271 38 2
273 13 1
273 14 2
274 27 2
275 9 2
275 14 1
275 30 1
276 39 1
277 1 2
277 49 1
278 6 2
278 39 1
281 36 1
282 24 1
285 46 1
286 26 2
286 31 1
286 50 2
288 7 2
288 24 1
289 2 1
290 12 1
292 23 1
295 27 2
297 43 2
298 21 2
298 38 1
298 50 2
300 35 2
301 12 2
302 23 2
303 5 2
304 19 1
304 43 2
305 41 2
307 1 2
307 6 1
308 36 2
310 20 1
310 24 2
311 34 2
312 23 1
312 29 2
313 20 2
313 48 1
314 20 1
316 8 2
316 16 1
317 4 1
317 19 2
318 9 2
320 16 1
322 11 2
323 1 1
324 13 2
325 16 1
325 50 2
328 21 1
329 1 2
329 38 1
329 49 2
330 28 2
330 43 1
331 23 1
332 3 1
334 1 1
335 3 2
335 12 1
335 41 1
339 41 2
340 9 2
340 33 1
343 48 2
344 2 1
344 42 2
345 41 1
346 27 2
347 19 2
348 0 1
351 30 2
351 42 1
353 5 2
353 6 2
353 15 2
353 46 2
355 17 1
357 23 2
358 35 2
361 24 1
362 4 1
364 0 2
365 11 2
367 25 1
367 31 2
367 46 2
368 33 1
372 19 2
372 50 1
373 0 2
373 10 2
374 42 1
374 47 1
374 50 2
375 0 1
377 11 2
377 25 2
379 11 2
380 33 1
382 12 1
383 48 1
385 27 1
385 31 1
386 36 2
387 48 1
389 49 1
390 0 1
392 11 1
392 41 2
393 21 1
393 40 2
394 28 1
394 43 1
396 12 2
396 45 2
399 10 1
400 1 2
401 27 2
401 31 2
402 15 2
403 15 1
403 48 1
406 29 1
406 36 2
407 13 1
407 16 2
407 41 1
408 44 1
409 12 2
409 24 2
414 38 2
415 21 1
416 43 1
417 7 2
417 16 1
418 16 1
418 50 2
419 1 2
419 30 1
420 13 2
421 1 1
421 23 2
422 13 1
422 24 1
423 1 2
423 11 1
424 24 2
425 27 2
425 28 2
427 33 1
428 4 1
429 49 2
430 2 2
430 11 2
430 47 1
432 14 2
433 20 1
433 21 1
433 22 2
433 35 2
434 0 2
434 4 1
434 15 1
434 27 1
436 25 1
436 41 1
437 40 1
438 35 1
440 32 1
441 19 1
443 33 2
445 9 1
445 12 1
448 27 2
449 17 2
450 16 1
452 2 1
453 11 1
453 48 2
454 26 2
454 44 1
455 4 1
455 12 2
456 10 1
457 13 1
457 19 2
457 24 1
457 33 2
461 0 1
461 8 2
466 0 1
466 31 2
469 2 2
473 8 2
473 46 2
474 44 2
475 13 1
475 46 1
477 14 2
477 32 2
478 22 2
479 21 2
482 17 2
483 21 1
485 29 2
485 35 1
486 13 2
487 19 1
487 32 1
489 34 1
490 17 1
490 28 2
492 4 1
492 13 2
494 5 2
494 45 1
499 4 2
499 16 1
500 4 2
501 42 2
501 44 1
502 26 1
502 41 1
503 30 2
504 34 2
506 24 1
506 29 2
506 41 1
506 44 2
506 49 1
508 18 2
509 13 2
509 47 2
510 28 1
511 6 2
512 28 2
513 4 1
513 15 1
513 50 1
514 20 1
515 10 1
515 19 2
515 38 1
516 27 2
517 17 1
517 44 1
517 45 2
518 39 2
521 4 2
521 13 2
521 48 1
523 45 2
525 50 2
528 2 1
528 5 1
528 5 1
528 35 2
529 43 2
530 43 2
531 14 1
531 33 2
533 23 1
535 19 1
536 0 1
536 2 2
536 12 2
540 2 2
541 19 2
545 11 1
545 36 1
546 19 2
547 18 2
547 20 2
547 50 2
548 28 1
549 8 2
549 23 2
550 50 1
552 21 1
553 17 2
553 37 1
554 24 1
554 29 1
554 38 1
555 4 2
555 23 2
555 27 1
556 19 2
557 39 2
559 39 1
560 33 2
561 5 2
562 7 1
562 22 1
562 33 1
562 40 2
565 4 1
565 11 2
566 2 2
566 35 2
566 39 1
569 34 2
571 16 1
572 1 2
572 8 2
572 24 1
573 8 1
574 2 2
577 32 1
578 15 2
578 31 1
579 19 1
580 9 2
580 24 1
580 26 1
580 48 1
581 12 1
583 26 2
584 7 2
585 15 1
586 14 1
586 30 2
587 2 1
587 47 2
588 15 1
588 48 2
589 1 2
590 11 2
590 25 1
591 2 2
597 22 2
598 0 1
598 18 1
598 49 1
600 2 1
601 31 1
602 4 1
602 37 1
604 5 2
605 5 1
605 39 2
606 41 2
609 41 2
612 7 2
614 29 1
614 45 1
615 42 2
616 15 2
617 7 1
617 13 2
617 49 2
618 41 1
618 48 2
620 29 1
623 18 1
623 49 2
624 21 1
626 5 1
626 22 2
628 29 1
629 31 1
631 2 1
631 7 2
631 25 2
632 2 1
632 49 1
635 9 1
635 13 2
636 31 2
637 3 1
638 23 2
638 30 2
638 48 1
641 32 1
642 17 1
644 7 1
646 43 1
649 43 1
650 29 1
650 44 1
652 11 2
652 33 1
653 43 1
654 3 2
656 35 1
657 5 1
660 34 1
663 2 2
664 6 2
664 7 2
665 7 1
665 30 2
665 31 1
665 45 2
667 1 1
667 44 1
668 23 2
668 24 2
668 43 1
669 41 2
670 37 1
673 14 1
673 20 1
673 48 2
674 12 1
674 48 1
676 36 1
677 23 1
677 50 2
678 8 1
678 40 2
680 29 1
681 29 2
688 14 1
690 50 2
691 49 1
694 12 1
696 34 2
696 45 1
699 13 1
700 29 1
702 3 1
705 4 2
707 18 1
708 9 1
709 1 1
709 15 2
711 30 2
712 12 2
712 22 1
713 34 1
716 5 1
717 1 1
717 10 1
717 39 1
718 29 1
718 49 1
720 19 1
720 43 2
721 40 2
724 49 2
725 17 2
725 28 2
727 49 2
728 10 2
728 36 2
730 0 1
730 32 2
731 6 1
733 13 1
734 18 2
734 38 2
735 11 1
735 24 1
737 22 2
738 41 2
739 3 1
739 11 1
740 50 1
741 17 2
741 30 1
742 21 1
742 21 2
747 17 2
747 33 1
748 23 2
749 3 2
750 9 2
752 5 1
752 14 2
752 38 2
753 21 2
754 48 1
756 12 1
756 25 2
757 49 1
758 47 1
759 38 1
760 40 1
761 3 1
761 38 1
761 47 1
762 21 2
763 11 2
765 36 1
766 41 2
767 41 1
767 45 1
768 20 1
771 13 1
771 23 2
771 25 1
771 33 1
771 50 2
773 3 2
774 8 1
774 24 1
774 26 1
774 32 2
776 44 2
776 47 2
777 7 1
779 19 2
779 49 1
780 30 2
781 9 2
782 5 1
782 19 1
782 42 1
783 16 1
785 47 2
788 1 1
788 42 1
789 20 2
790 8 2
791 4 1
792 8 1
792 47 1
796 14 1
796 21 1
796 27 2
796 29 2
797 4 1
798 49 1
800 15 2
801 30 1
802 1 2
803 47 2
805 48 1
808 12 1
808 30 2
810 14 1
810 14 2
812 27 2
814 35 1
815 12 1
816 5 2
819 1 1
820 34 1
821 26 1
822 1 2
823 30 1
824 3 2
825 8 2
826 28 2
826 50 2
828 45 1
829 8 2
830 0 2
830 0 2
832 16 2
832 17 1
832 20 1
834 10 2
836 12 1
836 47 2
837 10 2
837 22 1
839 50 1
840 4 2
840 5 1
841 4 1
842 4 2
845 39 2
846 1 2
850 2 2
850 5 2
850 36 2
854 42 1
854 44 2
858 5 2
858 12 2
858 39 1
859 49 1
861 11 2
861 18 2
861 49 1
864 11 2
865 33 2
866 37 1
867 33 1
869 24 1
870 5 1
870 15 1
871 10 1
871 20 2
873 13 2
874 10 1
874 19 2
874 27 2
875 2 1
876 42 1
878 8 1
880 42 1
881 3 2
881 17 2
883 0 2
884 29 2
885 10 2
886 6 2
886 13 2
886 38 2
887 7 2
887 18 2
889 19 2
890 21 1
890 48 2
891 11 2
893 14 1
893 27 1
895 12 2
898 3 2
899 26 2
900 25 1
901 26 2
902 11 1
902 14 1
903 23 1
904 44 1
905 28 2
906 7 2
906 36 2
908 6 2
908 23 1
909 18 1
910 37 1
911 11 1
911 21 1
911 34 2
914 26 1
914 33 2
915 27 1
915 49 2
916 5 1
917 30 2
919 9 1
921 22 1
921 41 1
922 35 2
922 41 2
924 1 1
924 29 2
925 11 2
927 33 2
928 21 1
932 14 2
934 49 1
935 1 2
935 33 1
936 17 2
936 46 2
940 29 2
941 25 2
942 43 2
942 44 1
943 34 1
943 50 1
944 47 1
946 39 1
947 2 2
951 11 2
951 44 1
952 44 2
953 18 2
954 27 1
954 32 1
954 41 2
954 50 2
956 31 2
958 11 1
958 46 1
959 4 2
959 21 2
961 6 2
961 7 1
961 47 2
962 37 1
964 26 1
965 18 2
967 24 2
968 29 2
970 6 2
970 42 1
974 8 2
974 15 1
976 13 1
976 21 1
977 12 1
978 1 1
980 7 2
980 28 2
980 31 2
983 25 1
985 34 2
987 12 2
988 20 1
989 11 1
989 28 1
990 2 1
991 12 1
996 10 2
998 35 2
999 40 2
1000 32 1
