0.022484176997
0.010913759263
0.000000000000
0.000000000000
0.027486464277
0.000000000000
0.024519201087
0.018483979414
0.002709149279
0.028334149057
0.026836837643
0.004957873557
0.027357882863
0.068311220840
0.000000000000
0.000000000000
0.044791337846
0.000000000000
0.046092927073
0.000000000000
0.037809272914
0.000000000000
0.060146431204
0.056630145725
0.044467012429
0.000000000000
0.000000000000
0.022000150032
0.027095960140
0.021865334770
0.038751056415
0.000000000000
0.053363778351
0.016300286109
0.026567645803
0.000000000000
0.010616173839
0.026005267604
0.011365037464
0.000000000000
0.000000000000
0.021983233759
0.028184081001
0.043160114374
0.031871323562
0.023173798804
0.034091478545
0.000000000000
0.000000000000
0.011273457963
