3
50 1
982 102 230 776 286 510 79 158 860 596 277 93 841 572 4 449 465 330 503 505 898 437 50 880 15 91 183 746 135 818 80 807 172 191 232 692 831 101 28 484 981 100 866 388 913 359 634 684 263 648
580 77 708 398 148 865 211 513 784 588 877 386 575 527 380 725 757 418 944 17 305 917 478 898 749 380 887 36 811 782 529 906 920 84 220 704 585 50 766 198 44 543 759 811 671 52 192 424 810 881
903 90 608 748 574 31 917 954 720 320 960 887 589 141 318 188 666 600 256 2 998 708 709 910 269 809 478 516 782 173 400 597 875 243 997 440 749 692 976 32 636 250 827 449 248 383 49 271 734 230
549 9 653 187 950 516 157 362 753 16 625 2 488 230 866 778 639 344 378 75 401 765 10 14 851 400 139 199 708 422 851 571 205 540 853 986 246 291 955 773 23 421 739 157 346 342 577 520 704 969
318 955 674 79 695 342 821 785 224 256 298 522 353 829 339 839 234 401 661 478 409 866 515 408 711 888 561 285 906 663 360 934 526 260 550 745 909 370 385 1000 200 327 775 704 449 607 966 671 491 733
46 696 899 97 340 375 228 440 199 151 709 614 933 792 166 447 134 65 347 186 235 294 966 660 942 799 208 581 881 28 687 971 782 879 172 557 90 201 99 954 54 29 573 985 589 430 40 30 233 234
290 667 489 19 532 132 283 57 9 149 461 103 516 37 986 690 872 547 665 664 275 733 567 54 193 291 388 884 314 618 327 865 154 647 575 1 966 307 540 558 437 725 931 825 991 658 500 953 319 363
499 951 188 440 419 426 894 242 344 556 54 989 481 996 14 362 28 590 641 532 415 31 29 437 140 439 119 130 869 972 524 410 707 840 11 62 524 707 528 995 466 108 270 758 492 131 506 695 389 565
357 849 964 247 431 650 677 38 542 755 420 885 979 250 350 210 692 108 731 667 841 520 82 273 546 588 475 685 379 738 819 903 284 657 935 30 542 500 237 761 531 409 631 415 735 448 547 459 931 457
469 290 372 225 562 131 264 203 757 740 640 205 230 854 958 577 443 836 270 284 516 226 834 127 301 702 383 145 465 264 160 562 751 354 443 97 293 38 537 958 135 755 618 876 520 609 862 223 133 18
360 936 993 42 462 634 393 674 98 637 582 23 805 45 60 996 66 14 336 815 957 621 784 609 899 307 338 418 686 469 274 929 611 439 153 566 846 384 331 640 566 595 174 932 934 517 192 833 829 323
278 924 898 861 597 966 387 748 263 478 710 460 350 921 561 619 641 464 886 253 496 889 801 53 360 605 972 61 322 633 270 540 759 714 953 397 275 128 514 972 947 657 940 866 637 714 481 352 831 562
284 970 378 353 24 106 513 502 410 464 397 492 714 167 211 276 760 164 936 976 30 540 284 843 493 297 773 605 224 414 893 845 360 874 30 338 877 361 434 130 250 856 860 914 61 568 806 803 803 510
57 437 101 964 659 279 426 54 717 2 10 839 96 350 598 486 940 245 152 910 31 104 611 962 500 781 539 398 600 960 411 54 602 125 206 805 292 898 438 122 424 997 537 667 720 423 799 890 225 160
447 259 888 621 243 551 858 499 628 755 28 681 222 986 469 344 312 838 929 995 174 641 855 933 650 401 612 367 183 651 575 707 557 559 751 558 515 35 783 889 755 986 147 846 565 818 775 177 994 780
368 713 584 912 382 324 202 614 97 63 179 801 577 857 702 471 847 584 709 234 78 884 92 498 240 542 968 115 426 459 540 668 621 195 892 338 921 628 368 806 929 860 646 485 404 655 51 665 705 152
146 131 911 153 286 168 361 857 399 592 222 6 998 384 908 638 267 692 470 462 363 381 480 55 901 316 646 765 562 172 288 195 1000 85 707 255 333 874 683 986 812 236 225 281 126 383 708 18 401 642
255 649 825 541 175 690 272 596 254 435 294 774 917 701 481 388 693 231 836 601 525 752 737 292 969 894 613 591 196 535 933 490 339 645 297 1 668 218 719 465 82 965 998 395 290 228 27 287 877 799
318 118 907 722 875 639 360 995 997 264 274 327 616 529 309 648 470 326 543 97 194 540 619 651 156 703 575 73 963 767 110 466 274 257 566 191 866 631 464 240 182 747 159 540 556 172 176 903 883 762
278 946 32 272 182 639 39 422 250 752 37 131 821 169 235 895 992 303 191 617 812 518 227 392 179 470 669 447 843 126 383 134 207 108 812 809 105 648 769 799 856 980 885 198 394 151 423 62 503 464
654 106 940 438 255 294 82 311 853 501 740 572 823 583 125 261 70 871 551 134 503 443 982 271 942 800 834 975 53 13 804 815 838 351 282 196 742 380 931 517 693 737 725 693 533 622 675 960 933 119
582 188 363 608 1000 658 956 864 414 677 617 94 683 808 389 222 375 514 437 684 362 765 154 32 592 734 569 811 760 141 715 491 368 318 884 166 86 229 563 584 830 555 804 977 158 10 209 288 14 213
36 244 76 661 556 796 349 840 686 762 339 627 748 338 707 663 392 212 86 973 41 682 357 71 677 588 551 139 785 57 581 124 762 888 922 247 18 794 587 152 201 199 156 979 614 221 981 475 687 779
911 292 189 932 842 518 720 336 296 290 486 300 85 68 617 860 750 503 391 274 269 339 76 318 907 553 753 492 614 630 779 112 512 323 857 53 982 253 629 97 716 71 18 634 113 141 87 613 47 359
845 386 346 431 267 204 442 643 482 713 723 585 408 986 428 6 578 132 313 99 305 594 452 893 754 673 521 526 605 826 139 752 331 576 936 948 891 845 302 448 79 763 798 479 226 908 407 419 845 469
739 724 20 122 936 47 178 822 893 847 447 1 400 766 73 992 834 495 219 217 967 108 134 50 891 617 237 290 876 134 238 369 746 374 948 826 337 683 772 328 85 505 142 332 265 491 715 881 314 482
788 417 658 397 970 707 601 85 923 738 742 654 562 913 970 246 887 476 133 934 21 333 524 752 390 649 530 859 0 592 392 153 606 3 280 33 330 514 89 284 301 928 963 177 192 669 163 324 945 164
922 213 829 399 960 34 619 192 945 429 514 637 230 655 266 699 102 843 73 241 847 992 55 575 756 317 297 985 700 850 349 819 442 393 102 195 193 293 51 57 568 554 66 208 1000 810 564 853 668 178
628 297 661 401 364 245 925 427 624 478 173 650 845 111 711 39 481 647 705 349 272 642 572 12 552 24 599 810 718 79 717 180 478 923 658 72 438 811 531 383 339 711 959 188 440 809 204 289 869 591
80 188 296 464 439 200 406 919 779 744 693 575 792 362 315 54 473 308 237 261 3 856 505 509 961 71 726 7 255 290 328 157 440 633 710 26 652 214 588 446 341 758 596 481 162 543 625 198 13 357
303 262 87 561 289 540 662 26 239 526 23 598 608 700 635 513 732 635 430 979 466 383 398 94 283 782 466 133 680 495 22 459 220 430 903 329 128 522 549 241 776 721 105 675 191 473 992 230 479 791
46 273 908 975 327 371 134 301 613 61 229 829 989 656 684 431 666 671 391 233 105 863 403 629 823 608 33 344 780 610 592 277 354 655 911 679 774 96 576 179 86 892 591 648 340 928 14 564 599 39
203 74 126 344 73 437 502 12 94 149 591 480 189 119 576 950 961 745 7 306 990 87 420 553 468 416 455 892 128 974 501 891 668 766 204 883 586 978 309 557 117 287 804 510 223 363 873 145 387 48
983 670 648 271 48 81 24 959 451 477 920 797 173 949 332 348 297 461 850 128 150 859 907 900 371 992 918 829 474 10 144 890 768 326 505 294 554 934 899 362 16 88 399 861 834 144 253 166 726 114
135 766 722 737 43 393 783 20 544 343 962 270 402 143 583 261 732 293 637 941 740 453 851 764 527 467 19 93 758 415 292 458 719 31 821 230 914 65 254 154 638 842 609 903 11 59 168 930 75 940
411 237 340 584 861 171 735 596 950 567 278 771 693 528 813 648 613 430 945 270 167 908 948 351 481 686 296 410 492 952 861 902 43 335 399 425 680 506 401 129 690 495 503 52 355 151 804 493 689 793
941 513 1 262 641 600 169 334 901 974 499 832 571 635 805 642 866 638 636 59 7 996 774 758 237 716 712 417 168 598 60 300 218 256 718 779 623 196 46 153 465 250 364 660 377 913 288 244 761 629
8 667 88 813 313 707 170 65 299 571 27 59 525 255 53 379 61 815 477 869 705 860 945 916 887 0 387 773 447 123 666 861 905 202 921 716 592 956 529 447 969 436 388 380 513 58 513 15 148 819
801 71 98 176 353 0 20 680 455 565 31 106 274 784 132 968 934 696 80 437 424 747 258 634 843 548 460 747 607 419 776 886 178 732 238 872 541 915 886 467 910 13 573 499 862 124 271 413 978 574
219 980 129 258 488 614 132 704 578 833 181 886 537 263 986 258 33 936 988 423 961 717 921 359 87 961 19 489 547 952 12 230 433 191 867 963 307 996 798 460 884 557 92 823 435 775 448 314 383 507
183 731 101 884 17 59 689 685 805 295 495 877 205 646 896 745 62 220 192 869 317 223 278 492 717 740 643 559 940 258 510 778 187 604 947 484 744 422 434 31 601 884 438 648 515 967 345 993 786 165
53 531 390 452 352 34 173 985 959 866 738 649 1 48 379 341 300 391 680 212 969 715 362 135 234 512 843 594 63 19 197 734 950 17 761 22 272 697 782 913 26 678 57 624 815 619 819 195 692 901
317 364 40 138 467 458 360 665 568 673 744 552 49 642 366 893 969 922 946 515 79 402 953 193 282 177 333 896 151 774 397 268 82 490 919 767 979 201 41 930 858 810 757 358 84 873 521 773 757 181
693 471 133 962 73 176 680 651 137 118 16 379 584 627 248 314 147 100 325 193 705 343 90 945 222 842 790 468 165 110 451 945 950 816 846 51 604 250 584 665 347 177 949 208 262 388 459 657 619 552
256 785 840 46 122 794 997 831 173 302 92 789 322 668 883 737 752 69 499 291 996 937 234 939 537 241 181 796 195 88 459 311 153 428 608 917 959 549 978 993 987 886 478 685 229 603 289 802 283 850
355 383 875 85 602 602 213 674 191 937 314 796 201 152 282 112 232 783 876 675 178 315 862 93 534 410 176 988 600 992 659 636 488 359 288 829 405 680 515 434 245 113 30 873 638 641 711 982 408 994
878 98 871 667 552 812 644 953 492 759 831 137 892 933 864 620 925 940 596 571 453 34 415 676 879 769 369 749 236 431 356 218 240 909 802 146 63 650 923 821 977 218 878 112 252 204 222 307 850 982
296 51 928 249 227 872 508 108 188 108 238 508 712 760 188 33 560 311 729 273 643 840 317 398 73 952 172 904 0 350 495 728 459 212 897 900 694 843 341 188 209 691 250 77 757 912 624 512 423 459
865 42 707 519 845 911 739 904 871 280 732 737 390 368 834 874 952 133 356 836 764 674 286 326 495 187 860 133 80 276 23 788 540 511 285 531 938 163 309 689 205 634 479 868 605 895 8 235 787 243
852 620 891 444 848 996 191 78 723 408 885 677 748 176 24 827 67 536 661 723 106 871 176 207 622 730 780 335 941 118 412 643 349 395 303 320 592 947 879 953 987 349 100 800 494 182 853 494 333 944
1000000000
