3
2000 1 1999
1 2 88740
2 3 -58153
2 4 23786
2 5 91329
5 6 -49830
4 7 80638
6 8 -65563
1 9 18674
2 10 94314
8 11 92070
1 12 14320
9 13 -71820
12 14 24064
3 15 65838
3 16 -49627
11 17 9778
10 18 29040
17 19 20204
4 20 -19855
10 21 -14642
15 22 -70262
15 23 27569
5 24 78846
18 25 94356
3 26 -2637
15 27 7675
24 28 -27521
25 29 10355
26 30 66927
13 31 66575
1 32 -65822
6 33 -90672
5 34 -15418
3 35 26214
22 36 53799
24 37 72452
37 38 -27831
36 39 53126
17 40 51167
34 41 -76118
5 42 64695
7 43 -97076
1 44 -29058
26 45 -11790
33 46 -72702
24 47 -18504
7 48 -57605
6 49 -87561
38 50 -33828
11 51 48833
50 52 62331
42 53 28909
49 54 -93977
43 55 -17019
55 56 96025
14 57 -40607
38 58 76809
18 59 -67582
13 60 -82012
60 61 -30418
43 62 72639
21 63 99000
25 64 -5001
42 65 -55554
54 66 -94926
16 67 -48813
16 68 66228
56 69 88738
47 70 -18126
9 71 -108
31 72 -60420
4 73 -54770
51 74 -55491
41 75 838
6 76 59894
49 77 9365
49 78 -96804
47 79 -70938
71 80 -29794
61 81 -84801
73 82 -48825
63 83 92820
52 84 -12187
75 85 -21367
52 86 -51494
4 87 -62488
1 88 -30617
25 89 37717
57 90 -53959
58 91 -78136
88 92 39324
89 93 4650
2 94 68636
78 95 84749
44 96 1225
14 97 9386
5 98 -72167
88 99 -57189
57 100 88
36 101 13282
100 102 10387
58 103 -97978
21 104 -60978
49 105 17101
12 106 -32790
73 107 42275
90 108 -71252
22 109 -22823
106 110 77882
51 111 -10958
48 112 -99352
104 113 -3714
19 114 -33752
8 115 49773
23 116 -32150
17 117 79063
39 118 41829
102 119 -30575
11 120 -56006
97 121 98335
53 122 -31153
92 123 -37523
21 124 13257
49 125 -43330
80 126 51181
49 127 12856
50 128 71624
90 129 68142
87 130 5325
36 131 71800
34 132 71196
70 133 90540
129 134 -90894
130 135 96182
1 136 41008
39 137 -82479
75 138 -88409
21 139 -95252
46 140 49955
91 141 30798
88 142 50599
18 143 -64970
26 144 43666
127 145 14100
6 146 -12487
83 147 85011
116 148 -14773
135 149 51222
110 150 -51550
43 151 -61002
34 152 -552
7 153 -8420
30 154 -67854
103 155 86293
105 156 -98188
44 157 9922
93 158 -26106
99 159 79936
114 160 95662
86 161 88216
120 162 -76616
146 163 -20940
7 164 62984
48 165 -41801
117 166 12039
99 167 15657
134 168 18182
127 169 87041
106 170 34802
148 171 19521
105 172 -99692
99 173 -14354
171 174 59253
3 175 65335
117 176 45974
106 177 -8192
115 178 74768
157 179 -64400
58 180 -81855
99 181 -32954
80 182 -76857
118 183 -15727
127 184 47590
43 185 -70636
149 186 14790
91 187 1639
37 188 -92397
46 189 -28435
129 190 94219
101 191 -19564
49 192 93058
137 193 -73904
117 194 -32416
85 195 -91626
126 196 23171
2 197 16191
103 198 72006
93 199 -17626
105 200 -57854
8 201 -58218
64 202 -26507
149 203 31794
59 204 -91830
169 205 -27481
2 206 17643
31 207 -24828
25 208 26317
96 209 -38445
27 210 -65369
44 211 55978
196 212 44893
147 213 -45453
62 214 -50686
2 215 60903
21 216 59080
124 217 -19136
56 218 19617
120 219 85009
210 220 40339
63 221 -46683
132 222 -91368
53 223 32773
82 224 -2349
124 225 -55261
117 226 92253
11 227 5818
58 228 1622
158 229 35769
34 230 -54899
41 231 -65811
30 232 44125
20 233 -54930
113 234 -31402
140 235 -3535
37 236 -81770
126 237 83021
166 238 -34481
118 239 85827
9 240 -27006
11 241 -68995
240 242 -96684
25 243 28330
181 244 15831
60 245 -91895
235 246 41014
38 247 -86682
24 248 17559
140 249 55655
36 250 46663
6 251 -56442
105 252 -46790
162 253 -53285
212 254 -39257
155 255 88627
12 256 -631
184 257 35591
149 258 -83335
53 259 -96772
100 260 -6824
174 261 65084
30 262 12567
26 263 40570
249 264 -85006
257 265 -78210
192 266 -90521
55 267 28767
192 268 -56432
106 269 14230
187 270 78991
125 271 38418
226 272 -18161
129 273 25963
149 274 -9039
63 275 -43159
251 276 23476
258 277 -74430
163 278 -58215
122 279 -78288
139 280 36763
273 281 46121
77 282 -89952
216 283 -56268
130 284 60496
29 285 51606
280 286 52870
17 287 -89181
93 288 19975
227 289 -25910
96 290 4326
6 291 21936
63 292 -96898
180 293 -47282
9 294 -50072
131 295 19096
104 296 21975
57 297 -44225
39 298 61567
3 299 98092
294 300 81167
244 301 67482
166 302 4557
269 303 36754
267 304 42928
171 305 23372
76 306 52076
86 307 13595
184 308 31485
81 309 -60844
210 310 60154
20 311 19536
275 312 -59
172 313 -24110
173 314 51125
292 315 -96493
146 316 -9142
134 317 -96504
195 318 -76567
41 319 -31629
272 320 -3909
293 321 95827
277 322 86978
22 323 8229
49 324 72172
98 325 80386
17 326 -65631
170 327 -66357
174 328 38528
50 329 -93207
78 330 6531
242 331 -26300
12 332 43791
58 333 -33283
202 334 34068
80 335 31819
272 336 -37857
96 337 -59246
78 338 -39658
15 339 -80348
68 340 -51449
28 341 95816
28 342 38040
158 343 -74660
156 344 -20384
221 345 -11103
227 346 63212
236 347 85702
1 348 67779
162 349 -81362
100 350 95412
257 351 53513
284 352 -1754
104 353 -79141
185 354 -10788
126 355 24877
241 356 42477
149 357 46740
132 358 -61493
237 359 60569
151 360 -29554
28 361 22221
173 362 95023
290 363 -70552
158 364 -76026
266 365 -55321
171 366 19850
239 367 5893
215 368 -79756
122 369 -37626
163 370 -91505
134 371 99331
106 372 38865
312 373 -26395
266 374 -1703
252 375 -37554
299 376 7409
148 377 81508
82 378 6990
339 379 16607
55 380 -99453
369 381 -91180
197 382 9189
96 383 98266
71 384 16110
146 385 -51828
37 386 10354
247 387 67054
16 388 -23693
76 389 1617
86 390 -56832
2 391 3884
119 392 -34229
353 393 79625
89 394 28042
111 395 -24648
186 396 -41173
270 397 81346
225 398 -96696
291 399 -20039
181 400 98714
239 401 -81015
335 402 91561
220 403 -30392
156 404 40684
262 405 96332
354 406 23185
340 407 66115
137 408 7735
8 409 -39459
200 410 -36452
406 411 -89759
259 412 60300
74 413 94639
247 414 147
311 415 -62632
146 416 -62728
301 417 30344
36 418 20597
279 419 -73936
324 420 -33909
81 421 51776
153 422 65802
351 423 -19061
412 424 57392
127 425 -61558
141 426 96156
132 427 41107
374 428 46443
359 429 19656
398 430 -12423
416 431 66619
282 432 -5202
104 433 41645
298 434 -14969
210 435 -24803
155 436 20659
343 437 -68099
354 438 -9565
126 439 -16831
357 440 -31929
195 441 -89510
247 442 -13204
329 443 26000
282 444 -39673
335 445 -1218
283 446 12740
33 447 -34587
310 448 37745
191 449 55274
331 450 56950
115 451 -59773
301 452 91597
210 453 24458
411 454 55642
292 455 52797
286 456 48108
208 457 -80921
112 458 -30317
161 459 -72931
379 460 -55969
452 461 -658
282 462 24477
173 463 2055
13 464 4733
173 465 -90213
453 466 10091
318 467 43436
245 468 24877
394 469 33641
71 470 -2962
390 471 32269
187 472 -69248
267 473 94740
71 474 -44904
60 475 79480
299 476 -70892
74 477 66222
67 478 -10050
200 479 80827
91 480 -32401
81 481 49441
76 482 -73531
102 483 -8284
470 484 15676
428 485 16437
204 486 28631
35 487 28812
421 488 10416
394 489 -14812
143 490 92869
403 491 -59006
288 492 77858
264 493 48073
358 494 -85220
306 495 14068
283 496 -6979
22 497 -36198
330 498 -5799
118 499 58394
271 500 -19683
6 501 -12677
90 502 -82234
192 503 -87991
169 504 87636
297 505 89781
456 506 -55942
168 507 39296
148 508 -26092
104 509 -32601
225 510 -15667
171 511 73935
33 512 41966
106 513 -77910
167 514 -8430
292 515 52852
326 516 73003
11 517 -21195
485 518 80331
260 519 -47402
135 520 -52453
390 521 66150
478 522 -84908
255 523 47693
44 524 84500
418 525 38804
457 526 -31234
234 527 69162
428 528 52811
314 529 -64024
188 530 -54995
121 531 75030
64 532 -59421
366 533 -45343
250 534 -3100
349 535 -96515
91 536 -60892
301 537 -93266
117 538 -51160
81 539 78672
142 540 -63202
345 541 -96557
224 542 -97217
246 543 -59616
277 544 -58579
532 545 -60880
81 546 -80246
424 547 87214
479 548 50626
259 549 -32884
393 550 -59389
85 551 53119
488 552 -79154
427 553 87391
296 554 98730
318 555 37080
374 556 26655
275 557 -21051
499 558 -35841
376 559 14256
87 560 -9278
387 561 49475
354 562 -58328
284 563 -73832
468 564 -93218
235 565 -99551
554 566 81728
326 567 77946
6 568 32384
46 569 7826
308 570 43141
399 571 -89424
312 572 22485
188 573 91057
267 574 -24659
435 575 -45942
74 576 62054
21 577 71479
565 578 79034
406 579 90994
146 580 83463
560 581 69462
566 582 33141
557 583 -21810
558 584 -99552
227 585 -11536
567 586 65384
530 587 70950
510 588 10380
212 589 -96198
305 590 58215
462 591 -53040
436 592 10787
391 593 -83344
500 594 -64254
524 595 -73624
256 596 -68955
193 597 -80046
142 598 29262
318 599 47524
418 600 -67754
190 601 -33054
281 602 -83092
302 603 31143
519 604 46350
43 605 76846
338 606 46448
328 607 55929
290 608 -78128
566 609 1811
229 610 -36996
211 611 -776
217 612 57765
301 613 73275
188 614 89243
233 615 -42573
155 616 -50486
572 617 -97408
153 618 -99820
89 619 -17281
304 620 85635
522 621 -93406
335 622 92638
155 623 86032
417 624 -8867
143 625 -82246
291 626 -12430
44 627 -73966
344 628 18543
396 629 -62803
304 630 22894
301 631 -84553
454 632 62143
27 633 85308
535 634 -11855
579 635 -65599
74 636 -83316
496 637 42443
182 638 -60802
326 639 -25777
639 640 20280
319 641 -56845
409 642 -34075
556 643 -48023
452 644 83938
87 645 -43242
381 646 6935
344 647 -35798
562 648 -43582
183 649 -53367
587 650 86815
573 651 -37295
308 652 77419
256 653 -53194
84 654 -77421
603 655 -68761
74 656 -53542
163 657 17998
32 658 39438
2 659 78353
406 660 -65351
216 661 33526
69 662 30888
103 663 83280
562 664 -72970
118 665 14070
164 666 -1597
347 667 -62398
12 668 -83984
32 669 82128
469 670 -46192
161 671 -72165
214 672 -6087
472 673 20396
307 674 -63495
325 675 -24617
505 676 32711
590 677 62540
416 678 -62065
628 679 -9654
494 680 -32989
540 681 -93790
651 682 2346
430 683 -36153
549 684 2125
104 685 -71026
664 686 20444
59 687 -46291
585 688 38995
410 689 71758
373 690 55079
626 691 48938
357 692 76650
184 693 32
1 694 -76804
455 695 83907
177 696 45457
87 697 25716
283 698 -1094
114 699 26157
652 700 65002
3 701 -58022
574 702 -81666
133 703 8607
546 704 -42564
424 705 36569
23 706 18800
655 707 53988
182 708 82619
14 709 36520
289 710 63825
153 711 54484
4 712 -45885
51 713 -91580
45 714 80947
676 715 68743
585 716 78288
12 717 44671
589 718 -88275
586 719 -25989
560 720 -65266
478 721 65232
499 722 25890
115 723 39362
154 724 84001
9 725 -21624
699 726 80874
566 727 -16168
588 728 -28860
213 729 25276
242 730 -69010
358 731 -14548
397 732 -76169
700 733 -45364
472 734 99360
43 735 -30789
676 736 55544
281 737 -53786
569 738 -23230
487 739 21681
166 740 -10887
703 741 63782
654 742 -67200
8 743 -55770
568 744 -46310
347 745 18361
521 746 -17860
492 747 93825
128 748 5085
182 749 -32440
302 750 -45914
528 751 -64697
384 752 -52909
357 753 86012
555 754 -42501
46 755 74430
697 756 -53876
495 757 37959
536 758 49251
453 759 64808
433 760 11060
242 761 92728
84 762 -24201
639 763 -27546
710 764 94902
545 765 70882
141 766 -32050
266 767 -36831
447 768 9418
17 769 -31577
310 770 -91225
179 771 64600
635 772 -73234
580 773 88815
632 774 -36804
102 775 13934
98 776 69695
334 777 87934
380 778 68515
561 779 18126
617 780 -42076
147 781 -7461
67 782 -80889
242 783 21685
30 784 77385
552 785 94936
546 786 16122
48 787 -77737
650 788 53194
602 789 -23763
561 790 88597
469 791 87690
409 792 -58625
612 793 -99407
406 794 89747
550 795 5737
382 796 95608
380 797 -92472
639 798 34528
108 799 50551
584 800 -7139
25 801 -59198
706 802 59625
403 803 94720
263 804 -82245
714 805 76521
560 806 -55878
195 807 35225
805 808 15441
738 809 94642
283 810 59866
732 811 -94071
483 812 -14740
714 813 10703
792 814 -68344
317 815 31042
810 816 76497
63 817 -53198
125 818 43624
263 819 58698
2 820 -98444
698 821 90598
22 822 9609
246 823 -72280
488 824 -18506
428 825 -98890
260 826 71001
773 827 35463
451 828 5720
298 829 52287
565 830 94930
164 831 -98260
650 832 -37707
184 833 -60783
817 834 -96599
800 835 -68083
148 836 -65671
138 837 -86814
31 838 71567
560 839 55555
694 840 59940
360 841 -75069
771 842 -17424
315 843 -23812
560 844 25293
589 845 19965
253 846 -27519
641 847 31048
631 848 -33962
258 849 -46118
208 850 82583
467 851 -10856
331 852 -48385
382 853 79495
314 854 -50664
364 855 77464
605 856 7288
570 857 76240
694 858 -80929
348 859 87133
264 860 541
3 861 31006
47 862 96368
53 863 4797
609 864 -23081
312 865 -41014
814 866 -45225
837 867 15735
314 868 46049
369 869 -65558
723 870 -28197
648 871 65844
620 872 -76383
144 873 98920
408 874 39917
76 875 -78845
385 876 50992
118 877 -66231
675 878 56214
193 879 -24047
400 880 -4831
824 881 -41318
348 882 -7310
562 883 -11884
101 884 -20402
420 885 84671
230 886 41656
148 887 -18835
569 888 54706
838 889 91465
349 890 -20372
770 891 89939
21 892 41168
291 893 -77150
50 894 -98755
473 895 75419
348 896 582
736 897 37755
625 898 -43752
639 899 -96437
334 900 70075
238 901 53624
250 902 -17522
49 903 13716
115 904 -94570
89 905 -41913
224 906 -6585
84 907 22218
614 908 -9605
774 909 -60838
572 910 69158
372 911 -51039
32 912 -40950
75 913 -63256
241 914 -57911
284 915 34334
240 916 74150
634 917 -60885
828 918 83747
889 919 -8881
893 920 -88993
87 921 37694
121 922 -48667
289 923 7952
297 924 5497
26 925 -36005
544 926 89745
393 927 70454
166 928 76649
919 929 21988
295 930 81629
45 931 -27605
107 932 17660
120 933 -21356
196 934 -17276
94 935 -76458
702 936 55823
853 937 12891
602 938 87931
570 939 51923
215 940 -61171
901 941 6673
887 942 66997
208 943 -84319
811 944 -63799
177 945 -45795
687 946 -36953
727 947 -24134
251 948 -77030
21 949 25137
35 950 -80303
703 951 -89626
666 952 -30028
615 953 -24821
572 954 -13020
866 955 40318
824 956 84831
767 957 -73213
910 958 84675
323 959 23350
522 960 65787
902 961 -63355
400 962 -61582
617 963 45246
512 964 10989
66 965 25050
773 966 -96653
142 967 62591
457 968 -11155
130 969 -12051
263 970 11261
893 971 -51775
561 972 643
359 973 88672
319 974 -45293
396 975 67608
629 976 -42475
787 977 52592
882 978 14556
924 979 -14731
254 980 38713
444 981 82076
942 982 -2566
963 983 -1686
480 984 30652
684 985 -99833
284 986 10081
908 987 -62883
324 988 -92426
219 989 -73198
986 990 8514
196 991 -88098
534 992 13699
437 993 64679
520 994 -50437
305 995 -76858
766 996 -14453
109 997 32427
748 998 21516
611 999 17659
59 1000 -88065
425 1001 12843
241 1002 82695
784 1003 13431
618 1004 -47133
300 1005 -85083
62 1006 -69172
4 1007 41458
563 1008 -57530
280 1009 7526
552 1010 -65064
820 1011 -98295
191 1012 78376
269 1013 5948
897 1014 74863
143 1015 7916
497 1016 73209
71 1017 20815
287 1018 9712
145 1019 -84808
96 1020 -38595
102 1021 -17086
965 1022 81140
205 1023 17220
641 1024 12074
427 1025 85617
854 1026 48168
416 1027 -4687
533 1028 -25661
737 1029 -82438
612 1030 -91073
422 1031 29190
106 1032 22110
530 1033 -63658
853 1034 68543
639 1035 63555
597 1036 52968
167 1037 -27339
642 1038 95220
735 1039 43253
16 1040 -2667
634 1041 -16781
658 1042 -19621
210 1043 -33008
849 1044 -55707
190 1045 -15132
847 1046 65618
372 1047 99078
25 1048 8042
999 1049 60929
52 1050 13107
502 1051 -8437
147 1052 -43090
716 1053 -44791
298 1054 -41123
82 1055 -42018
704 1056 74743
466 1057 -59072
808 1058 -60609
195 1059 24486
269 1060 -33676
1054 1061 -16403
555 1062 -59379
328 1063 70856
897 1064 -81749
213 1065 87832
768 1066 72174
574 1067 74507
1064 1068 56204
929 1069 55
617 1070 85747
1052 1071 -25320
39 1072 -35623
911 1073 16270
140 1074 -75228
56 1075 -6399
821 1076 -98073
265 1077 73889
163 1078 52887
131 1079 40746
682 1080 76568
214 1081 59222
961 1082 -60209
1006 1083 47346
1024 1084 -42526
605 1085 61921
285 1086 -87478
408 1087 -26789
651 1088 25299
528 1089 -54524
550 1090 25047
1066 1091 -70343
117 1092 -20587
995 1093 -96059
710 1094 -81004
751 1095 96744
538 1096 88716
505 1097 72894
254 1098 -62748
326 1099 57559
88 1100 75602
530 1101 968
802 1102 -94587
477 1103 -20405
436 1104 -91061
1 1105 11247
456 1106 11091
391 1107 -88428
84 1108 -49707
1080 1109 -8661
606 1110 53158
292 1111 -69921
1011 1112 39018
626 1113 -2582
786 1114 74865
146 1115 -57415
89 1116 57552
784 1117 -40226
996 1118 5140
533 1119 30965
72 1120 20294
46 1121 51373
110 1122 -10097
66 1123 -17018
829 1124 -59938
122 1125 -52741
70 1126 45619
562 1127 -84944
733 1128 -25387
527 1129 39555
507 1130 -40817
1040 1131 27918
504 1132 15650
538 1133 -30117
216 1134 19667
575 1135 -58146
146 1136 -18558
342 1137 -45690
909 1138 -68883
725 1139 -18527
17 1140 71640
655 1141 39263
775 1142 -39975
316 1143 -78610
263 1144 45065
253 1145 -61898
361 1146 59741
648 1147 93371
524 1148 16624
122 1149 99044
851 1150 -73959
1030 1151 -78042
948 1152 -93271
756 1153 83644
790 1154 -8409
320 1155 8679
151 1156 -74840
1073 1157 -63609
514 1158 -48560
1095 1159 92262
629 1160 72571
983 1161 8879
679 1162 -21910
348 1163 75865
45 1164 79587
577 1165 66198
55 1166 71939
252 1167 -30488
1126 1168 -4554
934 1169 -47639
416 1170 -23301
133 1171 -43903
222 1172 -83529
916 1173 -33031
806 1174 -74498
810 1175 -81127
895 1176 30428
69 1177 8409
117 1178 59644
284 1179 -73687
150 1180 90405
403 1181 -52654
687 1182 -48950
626 1183 -6459
378 1184 -99919
1002 1185 15152
1006 1186 -76790
590 1187 -39157
79 1188 -15957
817 1189 50015
348 1190 -40524
209 1191 -23219
917 1192 -91460
673 1193 24299
1187 1194 -71057
443 1195 93857
455 1196 40030
746 1197 90211
191 1198 -70226
11 1199 78847
465 1200 48640
91 1201 25677
22 1202 29615
576 1203 73941
558 1204 -63653
1145 1205 -32502
507 1206 61983
983 1207 72198
180 1208 78380
795 1209 50443
52 1210 -23606
581 1211 97635
967 1212 84535
1123 1213 -8713
895 1214 -81737
1214 1215 75201
1181 1216 -9141
1111 1217 -84593
171 1218 -52560
1037 1219 -29933
835 1220 -38370
682 1221 70080
449 1222 -97677
1101 1223 -22686
599 1224 36653
405 1225 -80542
1127 1226 -39404
381 1227 49483
768 1228 57594
675 1229 -14389
20 1230 11978
287 1231 -65119
852 1232 54504
876 1233 6852
64 1234 -27003
702 1235 -74985
408 1236 7157
1192 1237 -62259
1221 1238 -51718
41 1239 -19672
300 1240 60000
614 1241 82025
910 1242 -26387
952 1243 -19175
299 1244 -68879
626 1245 13340
50 1246 48296
944 1247 -20
1082 1248 59474
1125 1249 -20328
1199 1250 -31535
934 1251 21079
653 1252 -26407
795 1253 -20451
697 1254 -668
849 1255 -12561
601 1256 -84895
1147 1257 -94640
450 1258 -47341
1041 1259 30626
554 1260 -96736
170 1261 -67923
952 1262 -38674
720 1263 7967
512 1264 -46348
608 1265 98820
688 1266 -33455
1088 1267 -84547
534 1268 2273
663 1269 -96678
437 1270 -60863
430 1271 70181
1189 1272 99585
600 1273 4890
806 1274 -5211
514 1275 65706
404 1276 -40853
943 1277 15023
399 1278 72027
302 1279 93436
993 1280 44366
314 1281 43772
569 1282 22811
647 1283 -18683
478 1284 63147
1010 1285 98449
1044 1286 12161
1098 1287 -47794
38 1288 84321
610 1289 16874
252 1290 -10494
490 1291 73069
367 1292 -4247
660 1293 -93125
1182 1294 68659
217 1295 97480
1198 1296 -63217
64 1297 -33302
403 1298 -90997
596 1299 95403
82 1300 76048
614 1301 -99480
918 1302 68723
1069 1303 -85237
1008 1304 -76407
311 1305 59558
688 1306 81206
575 1307 -1270
1202 1308 -96688
1208 1309 49898
340 1310 -682
608 1311 30401
475 1312 -12304
1087 1313 -65942
1044 1314 75933
11 1315 31073
270 1316 48471
109 1317 48913
998 1318 -44517
1212 1319 -89162
221 1320 63452
603 1321 -21523
669 1322 19334
796 1323 74771
421 1324 51144
1112 1325 -69140
1120 1326 -6195
1053 1327 -95171
374 1328 62978
100 1329 -9665
191 1330 98452
477 1331 -22377
1227 1332 26667
607 1333 -71216
629 1334 80584
1279 1335 -14191
798 1336 -15657
444 1337 -3318
1298 1338 -28909
33 1339 81393
408 1340 -25641
123 1341 72822
936 1342 -53213
1010 1343 27914
304 1344 -99456
1308 1345 47388
472 1346 89883
894 1347 10576
1083 1348 -99123
889 1349 -9995
1320 1350 -95950
724 1351 85281
192 1352 -69560
654 1353 66931
514 1354 77676
702 1355 -59581
554 1356 19579
164 1357 -11879
725 1358 75867
344 1359 35605
1037 1360 74820
1235 1361 58701
408 1362 -9747
374 1363 62660
1163 1364 -98425
1165 1365 71286
617 1366 63944
348 1367 -55741
209 1368 -31968
959 1369 -93808
192 1370 -83046
502 1371 -5604
786 1372 -24775
977 1373 51770
243 1374 -32732
866 1375 -5409
162 1376 96967
1080 1377 -47320
571 1378 26046
709 1379 33777
634 1380 -24934
922 1381 -82087
63 1382 -52358
825 1383 -72543
26 1384 -63132
1355 1385 -24755
1 1386 4250
265 1387 35475
429 1388 -46935
718 1389 -72390
1279 1390 84787
925 1391 42889
528 1392 -75554
215 1393 42627
468 1394 -80828
801 1395 81221
487 1396 55939
1087 1397 32019
903 1398 70457
1095 1399 -94725
473 1400 33315
1072 1401 -78335
1252 1402 -48106
312 1403 -41207
423 1404 -659
1358 1405 -98847
843 1406 11920
315 1407 -4620
198 1408 -98381
1405 1409 -25361
462 1410 11726
1231 1411 88492
1245 1412 41784
40 1413 60590
510 1414 49267
1079 1415 -60460
433 1416 28496
746 1417 -92473
1400 1418 18167
1184 1419 12669
351 1420 -65445
1091 1421 41946
880 1422 -12963
1161 1423 -52678
420 1424 62498
1142 1425 25770
182 1426 61110
111 1427 72372
99 1428 11632
522 1429 -4526
370 1430 -63109
897 1431 39920
336 1432 91707
742 1433 -62728
1090 1434 87138
809 1435 -23218
10 1436 -16789
189 1437 -53931
529 1438 -74719
182 1439 42100
370 1440 94041
209 1441 21680
362 1442 -23604
726 1443 -4841
1165 1444 34995
230 1445 61319
701 1446 -9887
1103 1447 -98895
164 1448 43389
18 1449 42512
1436 1450 -26347
1393 1451 -58338
1312 1452 64204
75 1453 -10729
1204 1454 97460
720 1455 8147
246 1456 -2604
1321 1457 -60362
592 1458 -51209
69 1459 94745
1344 1460 63721
1190 1461 76687
204 1462 58034
1386 1463 -87878
340 1464 -17712
842 1465 -66197
1327 1466 52692
1367 1467 38012
793 1468 -22388
95 1469 79016
1126 1470 -31123
1394 1471 44193
1290 1472 81780
1117 1473 11324
818 1474 84470
371 1475 -89776
222 1476 -48444
150 1477 -60634
360 1478 92400
1372 1479 -23793
254 1480 -31467
1468 1481 -53309
954 1482 -76158
1066 1483 19884
513 1484 67285
1302 1485 50974
10 1486 39244
93 1487 7545
225 1488 10441
1064 1489 -75275
672 1490 -81373
1173 1491 -60027
1189 1492 49301
35 1493 82271
1146 1494 46474
701 1495 41102
136 1496 75176
853 1497 35469
424 1498 61482
988 1499 65150
747 1500 -49080
1493 1501 -45822
927 1502 11442
589 1503 -21114
1258 1504 -25669
137 1505 26173
367 1506 -66558
986 1507 -83496
1097 1508 -48541
1354 1509 -40656
233 1510 73680
304 1511 -18810
1324 1512 -56641
1128 1513 69194
823 1514 95480
360 1515 -67201
648 1516 -30215
792 1517 -53630
455 1518 -47157
960 1519 -45952
900 1520 -30145
379 1521 21814
673 1522 -65818
436 1523 -71396
45 1524 -18301
1504 1525 -31940
1463 1526 58164
491 1527 24274
1313 1528 41102
229 1529 6873
174 1530 96074
512 1531 -93728
1067 1532 36235
597 1533 -64532
394 1534 39270
1424 1535 -63561
30 1536 30101
1212 1537 -87772
1470 1538 15251
1224 1539 62843
95 1540 -54654
1535 1541 51344
1149 1542 -16518
690 1543 58770
1158 1544 -25352
214 1545 -2142
1024 1546 63329
140 1547 8586
918 1548 28779
1332 1549 61139
74 1550 -66837
50 1551 -64400
170 1552 42715
346 1553 58994
1183 1554 39336
601 1555 -86778
827 1556 -25065
1283 1557 -7657
294 1558 -65176
638 1559 58968
764 1560 -31048
1330 1561 89983
977 1562 -44958
162 1563 38794
885 1564 9010
31 1565 13233
60 1566 82229
53 1567 -97428
1194 1568 -21612
352 1569 -50783
220 1570 65564
414 1571 28975
763 1572 -19367
1433 1573 88546
879 1574 -4026
841 1575 -97281
635 1576 -76999
1414 1577 -10209
252 1578 26849
122 1579 -9359
789 1580 -17705
103 1581 81572
1350 1582 22422
378 1583 44337
1490 1584 -67712
124 1585 -71592
1251 1586 -86223
266 1587 35782
886 1588 18720
578 1589 -69971
943 1590 41918
299 1591 98057
738 1592 79391
1022 1593 27561
1465 1594 -95245
259 1595 66756
702 1596 -31384
681 1597 43008
1201 1598 68457
1577 1599 32484
70 1600 29201
859 1601 79281
1578 1602 -195
1376 1603 61453
1348 1604 -28479
1063 1605 -1295
438 1606 -60020
1045 1607 -50318
924 1608 86151
455 1609 20796
1017 1610 45889
805 1611 -86135
886 1612 99080
301 1613 -23674
496 1614 64095
620 1615 -40266
307 1616 45207
170 1617 1279
1032 1618 -63928
1381 1619 20880
931 1620 -79915
1226 1621 -98220
469 1622 -99470
1594 1623 89549
1487 1624 -69818
1047 1625 46303
439 1626 -21918
506 1627 -46198
1036 1628 -96643
626 1629 71078
119 1630 -62825
69 1631 -33569
1498 1632 36781
726 1633 83479
236 1634 84111
509 1635 -38684
378 1636 -50126
711 1637 59038
9 1638 81212
978 1639 99619
1565 1640 67632
515 1641 -50902
1470 1642 -39367
476 1643 74188
1231 1644 -28529
730 1645 -74779
1223 1646 2487
897 1647 41956
1060 1648 -93961
1068 1649 28511
85 1650 35881
1089 1651 23519
736 1652 -91441
623 1653 -59323
1110 1654 -49552
1282 1655 -5388
1316 1656 53954
1439 1657 -95335
1325 1658 18331
1255 1659 88071
614 1660 78715
229 1661 29485
900 1662 56188
1477 1663 27826
804 1664 -57831
121 1665 -66651
1548 1666 71848
1278 1667 -68422
456 1668 -71005
539 1669 75415
929 1670 14074
47 1671 65574
712 1672 87849
104 1673 7191
1126 1674 11804
949 1675 78196
384 1676 32747
570 1677 -26289
764 1678 75912
107 1679 -15687
1645 1680 22174
1146 1681 -19440
1467 1682 -31307
999 1683 -90717
896 1684 -18427
1156 1685 -48040
1346 1686 -33260
410 1687 14413
959 1688 -56510
1092 1689 -6091
1339 1690 56651
170 1691 29216
1085 1692 93737
1211 1693 61629
1302 1694 92556
614 1695 -73761
1685 1696 86215
524 1697 30660
1581 1698 49270
1329 1699 -64561
1276 1700 -94612
596 1701 -93475
88 1702 -58166
159 1703 -98176
1099 1704 60827
311 1705 -96680
938 1706 -22825
647 1707 18040
663 1708 -19071
828 1709 31844
728 1710 -92249
97 1711 -95771
78 1712 9373
284 1713 -4411
117 1714 9127
750 1715 -82928
1632 1716 68272
1311 1717 4956
499 1718 25034
1610 1719 24058
743 1720 64471
1318 1721 61171
731 1722 33142
790 1723 99657
1559 1724 -92821
492 1725 13276
1456 1726 76384
46 1727 -19348
456 1728 92791
1174 1729 1562
112 1730 -17280
185 1731 28518
788 1732 -24890
1582 1733 -18569
783 1734 31736
1639 1735 -45944
87 1736 -30157
439 1737 -43152
1570 1738 87156
671 1739 -74016
898 1740 71572
862 1741 12922
1522 1742 -45234
560 1743 -16744
437 1744 -77614
697 1745 -54247
587 1746 70403
1570 1747 -64545
281 1748 16057
710 1749 -56606
1164 1750 -79570
757 1751 96825
422 1752 -94325
1127 1753 -40197
48 1754 82692
1272 1755 64426
1743 1756 -58534
1555 1757 -92436
190 1758 -56224
1524 1759 -74932
252 1760 -88669
449 1761 -20422
1075 1762 -49937
1591 1763 36781
1255 1764 64536
1476 1765 -82065
224 1766 -24232
72 1767 27128
26 1768 -85288
730 1769 41943
1603 1770 -45255
891 1771 -4884
1261 1772 40307
1666 1773 -13181
76 1774 87355
1578 1775 -50101
1355 1776 -41787
1562 1777 -65596
1077 1778 -13065
1666 1779 -65976
55 1780 -19198
1450 1781 58998
1279 1782 -84908
731 1783 75635
1077 1784 83135
1101 1785 99435
26 1786 -7805
1123 1787 81674
542 1788 33828
1486 1789 -18476
1163 1790 91956
243 1791 23977
502 1792 -89121
1587 1793 -46767
1750 1794 -52686
1717 1795 91790
729 1796 67509
1376 1797 -28451
1483 1798 -56751
1592 1799 -9382
54 1800 -61651
254 1801 32262
468 1802 92680
272 1803 -10011
363 1804 -93827
1469 1805 45813
302 1806 -25948
508 1807 -40396
1384 1808 59305
775 1809 -82883
836 1810 24608
759 1811 70749
1513 1812 35558
63 1813 -3277
1739 1814 -56769
1591 1815 60175
1228 1816 48285
442 1817 -33933
1006 1818 -64329
855 1819 -42867
1069 1820 -29273
1687 1821 82061
162 1822 -60388
105 1823 -30427
720 1824 53580
885 1825 -11677
1213 1826 -71360
94 1827 81809
1317 1828 97274
460 1829 -64456
354 1830 -63411
1497 1831 -73547
755 1832 -24183
1109 1833 -92100
1382 1834 47329
257 1835 65599
282 1836 74029
1266 1837 -10024
450 1838 -85341
1289 1839 54547
1058 1840 84323
1448 1841 131
223 1842 58383
1361 1843 -37399
1391 1844 -74330
548 1845 68234
1370 1846 47671
1162 1847 -37911
761 1848 -2264
1404 1849 -4625
292 1850 -50257
1528 1851 76107
46 1852 3370
447 1853 58109
629 1854 -67768
411 1855 62353
7 1856 89158
527 1857 -88409
574 1858 90543
1401 1859 -77533
1651 1860 74222
753 1861 -24519
170 1862 7709
432 1863 -80943
1385 1864 58331
469 1865 41625
1808 1866 1945
922 1867 82790
922 1868 -83129
715 1869 76256
1145 1870 77414
377 1871 5363
868 1872 -76846
149 1873 11652
350 1874 -90080
885 1875 68528
744 1876 -10625
699 1877 94901
1092 1878 86935
559 1879 93137
1482 1880 3480
636 1881 -65505
1277 1882 85915
1738 1883 42811
1131 1884 -98658
1374 1885 -94534
1651 1886 -46329
1028 1887 -88116
724 1888 -57878
776 1889 -98058
1809 1890 69667
1722 1891 37180
515 1892 -2842
1267 1893 79977
168 1894 -1206
680 1895 -80666
1281 1896 55336
1078 1897 32494
1356 1898 22488
467 1899 -82265
549 1900 -54862
118 1901 -8261
394 1902 14624
1897 1903 -37011
279 1904 -66517
1126 1905 83375
693 1906 10362
1609 1907 83630
1503 1908 -61828
1574 1909 -59383
1798 1910 46282
188 1911 -90630
3 1912 83364
393 1913 -292
1033 1914 39376
1503 1915 -88523
625 1916 76231
264 1917 81680
307 1918 74093
1040 1919 -60461
1307 1920 -40580
746 1921 5592
1543 1922 72453
1777 1923 -68628
1503 1924 -13414
1454 1925 -38932
895 1926 -84837
507 1927 45812
189 1928 -59718
50 1929 -82185
1098 1930 -88198
1501 1931 77887
985 1932 8693
640 1933 -957
405 1934 95345
164 1935 -90493
1455 1936 -87070
1730 1937 75915
135 1938 -75749
1862 1939 4378
1412 1940 87594
274 1941 -43607
202 1942 77687
1751 1943 -51870
1015 1944 -59397
637 1945 -36579
868 1946 -60921
477 1947 53603
484 1948 -79521
1889 1949 90242
1433 1950 -87837
930 1951 -24994
1583 1952 -16602
1627 1953 38476
396 1954 -37467
611 1955 -56525
1354 1956 -94905
1881 1957 53619
1184 1958 -78097
986 1959 28196
1571 1960 -61916
55 1961 -59477
355 1962 -2346
957 1963 51298
365 1964 -55541
1125 1965 -82706
1143 1966 47330
226 1967 -12695
486 1968 -36273
82 1969 45216
117 1970 -72393
1611 1971 52988
1328 1972 -55324
371 1973 -13693
328 1974 33701
1214 1975 -77121
153 1976 -62211
934 1977 -89924
39 1978 74044
136 1979 -95370
1377 1980 -3225
1388 1981 93220
305 1982 -10258
258 1983 -13467
1151 1984 -60317
964 1985 -24589
1141 1986 -34671
659 1987 2417
1681 1988 -69500
1041 1989 -98443
127 1990 -10116
282 1991 52755
1870 1992 9043
1023 1993 -30103
1607 1994 92238
482 1995 35432
1317 1996 72247
1465 1997 -29387
982 1998 -80860
1542 1999 30923
1929 2000 8631
